 <html><body><pre>
Metabolite_name	RefMet_name	Group1_1	Group1_10	Group1_11	Group1_12	Group1_13	Group1_14	Group1_15	Group1_2	Group1_3	Group1_4	Group1_5	Group1_6	Group1_7	Group1_8	Group1_9	Group3_31	Group3_32	Group3_33	Group3_34	Group3_35	Group3_36	Group3_37	Group3_38	Group3_39	Group3_40	Group3_41	Group3_42	Group3_43	Group3_44	Group3_45	Group2_16	Group2_17	Group2_18	Group2_19	Group2_20	Group2_21	Group2_22	Group2_23	Group2_24	Group2_25	Group2_26	Group2_27	Group2_28	Group2_29	Group2_30
Factors	-	Cognitive Status:AD	Cognitive Status:AD	Cognitive Status:AD	Cognitive Status:AD	Cognitive Status:AD	Cognitive Status:AD	Cognitive Status:AD	Cognitive Status:AD	Cognitive Status:AD	Cognitive Status:AD	Cognitive Status:AD	Cognitive Status:AD	Cognitive Status:AD	Cognitive Status:AD	Cognitive Status:AD	Cognitive Status:CN	Cognitive Status:CN	Cognitive Status:CN	Cognitive Status:CN	Cognitive Status:CN	Cognitive Status:CN	Cognitive Status:CN	Cognitive Status:CN	Cognitive Status:CN	Cognitive Status:CN	Cognitive Status:CN	Cognitive Status:CN	Cognitive Status:CN	Cognitive Status:CN	Cognitive Status:CN	Cognitive Status:MCI	Cognitive Status:MCI	Cognitive Status:MCI	Cognitive Status:MCI	Cognitive Status:MCI	Cognitive Status:MCI	Cognitive Status:MCI	Cognitive Status:MCI	Cognitive Status:MCI	Cognitive Status:MCI	Cognitive Status:MCI	Cognitive Status:MCI	Cognitive Status:MCI	Cognitive Status:MCI	Cognitive Status:MCI
1-(6-[5]-ladderane-hexanoyl)-2-(8-[3]-ladderane-octanyl)-sn-glycerophosphoethanolamine		5513	6152.5000	2199	5603	4188	2442	1116			2833	5867	11590	6421.5000	3375.5000	1523	6069.5000	1270			1232	6855		5353.5000	7904			4162	2612.5000	2132.5000	2697	2452.5000			2684	1283.5000	2020	7192	2872	1173	5883.5000	6391	2776			4592
1-(8-[3]-ladderane-octanoyl-2-(8-[3]-ladderane-octanyl)-sn-glycerol		2255	3063	2386			1225	2268	2262		2734	2410	1922	3068.5000		1380	2192	1973	1602.5000	1423	2220	1997.5000	2862	2041	2837.5000	2889.5000	3467	2097	2416	1984	1934.5000	2319	2057	2214	2222	2427.5000	2131		2481	1736	1326	2825	2289	2404		1853
1alpha_25-dihydroxy-11alpha-phenylvitaminD3/1alpha_25-dihydroxy-11alpha-phenylcholecalciferol		15367.5000	16664	14259.5000	14515	8072	14342.5000	15507.5000	15393.5000	16249.5000	15979	14373	16117	15400	15563.5000	15034	15122	13860	15531	14289.5000	14375	16074.5000	16662	16497	14088.5000	14985.5000	15549.5000	15511	14403	15673.5000	16189	15813.5000	14860	13920	14897	15852.5000	13544	14984.5000	13960	14303.5000	15095	15724	15227.5000	14904.5000	14879	15184.5000
1-Aminocyclopropane-1-carboxylicacid	1-Aminocyclopropanecarboxylic acid	1559				1286			1276			1224.5000	1437		1165	1950.5000	1337	1340				1598.5000	1248	1360.5000	1527	1688	1222.5000	1752			1322.5000									1260		1440.5000		1184	1296	1785.5000
1-Hydroxy-2-naphthoicacid	1-Hydroxy-2-naphthoic acid	133680		211107	288415	585877	189824	427701	340770	673670	130590.5000	219932	232461			207685	270631	360350	296024.5000	384269.5000		93555.5000	386919.5000	359678	599549.5000			168374	490397	602271		249084		218181	245488	287839	100401	167665	297558			588376	351371	255340.5000	367985	338419.5000
1-Hydroxy-2-naphthoicacid-1.3924078	1-Hydroxy-2-naphthoic acid	297200		127417.5000		296066			165739		305934	141022	104053.5000			62455	165419	332109	152960			450810	211273	193195.5000	166355	154705.5000		180707	117935	120939	249305		89310	127030		164832	99156		309342		181849		291505	322876	160982	76815
1-Hydroxy-2-naphthoicacid-1.5557164	1-Hydroxy-2-naphthoic acid	148721.5000	8683	7766	11340	8138.5000	5996	5580.5000	7582	4324	78844		5644	5067				4743	9032	8626	5201	1723	7920	81497	12267		6915	6786			6857	9909		2959	2284	3623	12858	7820		3443						4713
1-Hydroxy-2-naphthoicacid-2.9663975	1-Hydroxy-2-naphthoic acid	5845.5000	5647	4867	7574.5000	7763	5469.5000	5486.5000	5776	6550	8120.5000	5855.5000	5394	4387.5000	4848	6574	5254	3443	5619.5000	6155.5000	4394	5251.5000	5585.5000	6112	5651.5000	6746	7338	5869.5000	5436.5000	5262	6730.5000	4817	5092.5000	5607.5000	5422	7335	4696.5000	6354.5000	4703.5000	7581	5313.5000	6372	5485	5568.5000	6142	6516
1-Hydroxy-2-naphthoicacid-3.249221	1-Hydroxy-2-naphthoic acid	2811.5000	3404.5000	1389.5000	2563	3915			2698.5000	2453	2580	1526		2911	2859.5000	1294			2695	4404	3696	2755.5000	1922	3678	2521	3235	2805.5000	1096	2993.5000	2917	2530	2250	2991.5000	3890	2741.5000	2406.5000		1217	1919.5000	2370	1505.5000	2301	2755	2741.5000	3090.5000	
2_3-Dichloro-4-(a-hydroxy-2-thenyl)phenoxyaceticacid		1665.5000	1380	1354	1297	1548	1289.5000	1330	1385	1511	1374	1359.5000	1285.5000	1313	1385	1380	1334.5000	1211	1186		1340	1609	1368.5000	1367	1679	1472	1305.5000	1507.5000	1388.5000	1562	1690.5000	1435		1241	1773.5000	1307	1421	1493.5000	1339.5000	1341.5000	1366	1371	1362	1481.5000	1639	1572.5000
2_3-Dioxogulonicacid		615429.5000	644192	367496	561962.5000	419292.5000	361262	473771	522434.5000	500666.5000	450450.5000	509109.5000	508710.5000	523740.5000	556011	493838	663290	324230.5000	633797.5000	777190	386717	387740.5000	835031.5000	687281.5000	829834	467393	632532	570465.5000	361521.5000	560620.5000	430737	471955	716457.5000	439065	466686	422206	560270	613192	604905	441765.5000	626900.5000	482541.5000	668725.5000	882058	707327.5000	748644.5000
2_4-DINITROPHENOL	2,4-Dinitrophenol	2420	2371.5000	2313.5000	2357	2247.5000	2240.5000	2157.5000	1897	2906	2779	2065.5000	1982	2694.5000	1873	2141	2034.5000	1710	2020	2313.5000	1818	1984	2073	1871	2121	2528	2162	2143.5000	1742	1865	2180	2545	2489	2717.5000	2416	2649	2153.5000	2359.5000	2352.5000	2460.5000	1887	1588.5000	2340	1746	1889.5000	2042.5000
2_5-Dimethoxycinnamicacid	2,5-Dimethoxycinnamic acid	2361.5000	1353.5000	1599	1102	2317	1353.5000	2420	1948.5000	2035.5000	2002	2097		2188	1631.5000	2340	3735	2741.5000		2528.5000		1763		1405.5000	2030	2779	1691					1899.5000	3003		2470	1380.5000	1392	1686			1842		1350	1421	1698	1149
2-Amino-3-hydroxy-5-nitrobenzophenone			3605.5000	6338.5000	5002	5689	4021	5708			1965.5000		2850	4394	5495.5000		4695.5000	4705.5000		6038	6055.5000		1340									6900.5000	3498	5928	5670	5128	6806	4705.5000	10849.5000	3847	4532			4811		1752
2-amino-4^-hydroxy-Propiophenone		43846	40715	37582.5000	49534	31782	40431	30945.5000	54057	74387.5000	32701	60344.5000	49160.5000	42462	46345	32463.5000	40035	28586.5000	46914.5000	46540	48582	41985	61065.5000	39566.5000	94663.5000	39631.5000	42628.5000	52726	37432	46828.5000	34503	49637.5000	43722	36137.5000	44674.5000	46851.5000	55201	40350	41898.5000	57605	37148.5000	41846	69609	57443.5000	48013.5000	35428.5000
2-Furoicacid	2-Furoic acid	105094	110074.5000	73102	57138.5000	79474.5000	40935	88631.5000	83942	80733	72056	80727	88712.5000	88357.5000	93660.5000	83386.5000	116918	58302.5000	108501	130398	69141.5000	59785	123813.5000	103442	134384.5000	72531	104973.5000	91828.5000	60196.5000	92561.5000	69528	86941	115689.5000	73975.5000	80964	68157.5000	104105.5000	112560.5000	107282	79828.5000	110503	80497	102431.5000	134476.5000	107288.5000	114196
2-Furoicacid-1.0400704	2-Furoic acid		21271	10545	5862	6642.5000	11236	16999.5000		2561.5000			1074	17634		1281	3365.5000	2021		19996					3585			1897.5000				24086	24233	13206.5000	13303	12604.5000	20705.5000	11933	1188	10402	15363			3770		
2-Furoicacid-1.418544	2-Furoic acid	2313	2076	1211	2713.5000		1596.5000	2238		1077		2603	3438	1478		1880.5000				1928	1513	1371				1483		1303		4459	2351	2374.5000	3297	1225	1500	1465		2855			2654	2943	2142		2721	4516
2H-1-Benzopyran-6-aceticacid_7-hydroxy-8-methoxy-2-oxo-		18108	15813	16278.5000	31626.5000	21018.5000	3482	9875.5000	44367	19660.5000	21397	45159	21471	17053.5000	31901	53481.5000	17766.5000	35665	29105	17642.5000	20812	37515.5000	22945.5000	35009	21727.5000	22892	30702	18836	19383.5000	11926	23688.5000	16166	11889.5000	6741	7232.5000	6536.5000	9893	15967	12994.5000	4219	13302	31706.5000	16246.5000	33356	33634	25237
2H-Indol-2-one_4-[2-(dipropylamino)ethyl]-1_3-dihydro-7-hydroxy-glucuronide		2408	2860.5000		1786	1944.5000	2095.5000		2437	2921	2059.5000	2196	2465	2068	2154.5000	2601	2091.5000	2617.5000	3598	2430	1365	2596	1984.5000	2350.5000	3063	2130	2732.5000	2433		2257.5000	2683		1715.5000	3544	2481	2126.5000	2406		2690	2446	2052.5000	2511	2733	1877	2503	2980.5000
2-Hydroxyethanesulfonate	2-Hydroxyethanesulfonate	68424.5000	67295	35762	27867.5000	36205.5000	42667	51552	55563.5000	34899.5000	34739.5000	41283.5000	54684	42162	51886.5000	60573	43496.5000	62802.5000	28307	31877	35712.5000	55234.5000	42881.5000	70137	28897.5000	83265	41692.5000	53888.5000	51440	29912.5000	72186	42911.5000	44756	49905.5000	54311	35228	44389.5000	55871	48295.5000	64238	50700.5000	62611.5000	39495	40383	50035.5000	58042.5000
2-Hydroxyethinylestradiol	2-Hydroxyethinylestradiol	82055	129760.5000	66645.5000	114833	118718.5000	63360	128014.5000	72037	87767	68298	90000	104832.5000	65696.5000	129811	125619.5000	115122	127015.5000	129532.5000	131509.5000	115510.5000	88058.5000	79056.5000	92696.5000	88936	90232.5000	93128.5000	88627	94202.5000	91841.5000	90554	131549	130837.5000	131719.5000	118413.5000	57139	130041.5000	103333	126406.5000	128029	111767.5000	86582	91436	85643.5000	94767	93299
2-Hydroxyethinylestradiol-10.332443	2-Hydroxyethinylestradiol	25200.5000	36720.5000	19558	36196.5000	34642.5000	19356	36333.5000	27903.5000	25838.5000	25488	23696.5000	37220.5000	38506	39103.5000	38086.5000	35621	35527	36556.5000	19269	37610.5000	24708.5000	30153	28216.5000	24669.5000	24820.5000	32611	30664.5000	27377.5000	29814.5000	27798	38240.5000	37713.5000	35275	33304	34468	20318.5000	35733.5000	22765.5000	36043	35010.5000	26057	25514	25347	21366.5000	25769.5000
2-Keto-glutaramicacid	2-Keto-glutaramic acid	7827.5000	7861	4591	4408.5000	7038	6035	4467.5000	7144.5000	6291.5000	5072	7022.5000	7868	8314.5000	5674.5000	8785.5000	7337	5774.5000	2914	5977.5000	4258	8791.5000	6238	7415.5000	8390.5000	11094.5000	6854	10469.5000	4182	4374.5000	7188	7307	6171.5000	4628	5565.5000	5259.5000	5891	6564.5000	4052.5000	6613	7063	7732	4162	6192.5000	5363	10567
2-Methyl-3-ketovalericacid	2-Methyl-3-ketovaleric acid	6565.5000	4828.5000	3674.5000	3469.5000	4937	6941	5523.5000	2465	3470	4032	2935	4040	6339	4589	3416.5000	6822	3168	1578.5000	4520.5000	2892	2445.5000	4485	2043.5000	6321.5000	4373.5000	2970	3557	2212.5000	3962.5000	4071	4682.5000	6811.5000	4706.5000	6467	7097.5000	6548	4612.5000	4763	5305	5380	2837	3000	5754	4126	3844
2-Methyl-3-ketovalericacid-3.9406526	2-Methyl-3-ketovaleric acid	5954	5359	4807	6977.5000	5648.5000	7362.5000	7820.5000	1620	3875.5000	3243	2332	2944	7770	4338.5000	2840	5935	2709.5000	1306	6878	2644	1549.5000	2944.5000	1580.5000	7040.5000	3168.5000	3655.5000	3356	1920	3496.5000	3355	6205	8086.5000	6297	10552	8970.5000	7172.5000	6243.5000	6111.5000	6069.5000	6306.5000	1699.5000	1798.5000	6279	3772	3432.5000
2-propyl-tridecanoicacid	2-Propyl-tridecanoic acid	131232	136888.5000	129266	128668	125430	131531.5000	129125	133173	138187	136082.5000	137136	136161.5000	128992	132448	128428	142065.5000	132194	133765	136178.5000	131251	136781.5000	137420.5000	137179.5000	137964	137001.5000	137072	130836	70057	133744.5000	131601	132200	133831.5000	135949	131987.5000	128620	130425.5000	135554	131843.5000	134339.5000	127869	141645.5000	133993	132006.5000	140348	136862
2-Pyrrolidinone	2-Pyrrolidinone	2249	2080		1451	1421	1516		2105.5000	1643.5000	1493	1884.5000	2294	1421.5000	1919.5000	3951	1654	2011.5000		1661.5000	1608	2581.5000	2297.5000	3129	1583	2866	1799.5000	2300.5000	1263		2468	2468.5000	1499.5000	1588	1933.5000	1642		1553.5000	1248	1138.5000	1793	3758.5000	1633	1695	2152.5000	3762.5000
3-Amino-3-(4-hydroxyphenyl)propanoate	beta-Tyrosine	16248	27397	12638.5000	28979	10197.5000	18157.5000	16036.5000	20224	32416.5000	12897	28828	14007	10484.5000	16266.5000	19119	18303.5000	15052	12814	16401	8924.5000	27678	29069	17357.5000	36795.5000	9728	25856.5000	23380	22632.5000	22886.5000	12996	18695.5000	28208	18189.5000	14291.5000	16164	42391.5000	24133.5000	17696.5000	22486.5000	23957.5000	25250	52373.5000	17909.5000	33232.5000	30514.5000
3-(a-Naphthoxy)lacticacid		2855.5000	1843			2900.5000	2198	1265.5000		4082	4459	7421		1689.5000	1434			1212			1093	1816.5000		4032.5000	2334.5000	1099		2384		1211	1003	2605			1833	2084.5000	2400	1913.5000			2428.5000	3335.5000	1301	2177	3325.5000	2890.5000
3-Dehydroquinicacid	3-Dehydroquinic acid	18933	13712	10702		11963	16623	13947	21344			62381	24903	29468	24578.5000		25896	19082		15462	16455	27606.5000		32276	15340	29119	14758		10456.5000		37191	16789						9754	8538	10579.5000	15243	27312		20866	13191	
3-Deoxy-D-glycero-D-galacto-2-nonulosonicacid	3-Deoxy-D-glycero-D-galacto-2-nonulosonic acid	2905.5000	3004.5000	3810	3045	2241	2455.5000	3144	3118	2469	3258.5000	5116.5000	2436	4164.5000	3364	4209	2668.5000	2580.5000	2605.5000	3149.5000	3040	3248.5000	2740	3967	3268	2345	2913.5000	3625.5000	3208	3297.5000	4530	4116.5000	3312	2353	2730.5000	4975	3119.5000	2704.5000	2457	2805.5000	2722	3340.5000	2918	3390.5000	2868	4440.5000
3-(Imidazol-4-yl)-2-oxopropylphosphate	Imidazole acetol-phosphate	1795.5000	2894	1049	2969.5000	2498	2784		1772.5000	3222.5000	4259.5000	2580	4715.5000	2082	6897	5525	4358.5000	6156	3615	3905.5000	4556	4708	6467	2814.5000	6251.5000	5576.5000	6961	4510	3801	4815	1959	3245	5109	3103.5000	3993.5000	2747.5000	3121.5000	4386.5000	2165.5000	2876	3891	4707.5000	5659.5000	7765.5000	3740.5000	16439
3-Methylpimelicacid	3-Methylpimelic acid		1173.5000				1148		2775.5000		1134			1481	1018			1116.5000	1191	1312		1416				1276.5000	1193	1038	1065	1247	1043.5000	1233.5000	1211	1087				1398	1108		1053				1109.5000	2537.5000
3-Methylsubericacid	3-Methylsuberic acid	3991	4293.5000	3553	4101.5000	3602	3959	3988	4819.5000	3603	3037.5000	3611.5000	4376.5000	3995	4024	3736.5000	4078.5000	3879.5000	4357	4580	4076	3930	3519.5000	3567	3252.5000	3442	3334	3283.5000	3333.5000	3680	3554.5000	3916	4102	3919	3179	3402.5000	3605	4193	3830.5000	3836	3714	3763	3247.5000	3244	3475	6058.5000
4_4-Bis(p-fluorophenyl)butyricacid		3247			2713					2663	3658	3510	1368	2239.5000	2029	3146.5000		2906	1740			3015		1713	4048	2924	2075.5000	2643.5000	1628	1310	1444		1664		6014	4577	2676		2905			2512.5000		1530.5000	2469	1816
4_8-dimethyl-dodecanoicacid	4,8-Dimethyl-dodecanoic acid	18182.5000	18087	15233.5000	16445.5000	16153.5000	16464	16295	19124.5000	18367	18080	18382.5000	17803.5000	17706.5000	17345.5000	17985.5000	17839.5000	9360	17681.5000	17893	17387.5000	18679.5000	19137	18845	17691	18123	17869.5000	18156	18795.5000	18627.5000	18309	17985	17813	18757	18321.5000	17780	16718.5000	16837.5000	17050.5000	17456.5000	17120.5000	18685	18920	19170.5000	19116	18415.5000
4-Amino-7-chloroquinoline	4-Amino-7-chloroquinoline	2357.5000	2153.5000	1438	1728	1066.5000	1784	1211	1960	1462.5000	1678	1315	1884	1833.5000	2021	2540.5000	1257	1874	1205	1239.5000	1414	1746.5000	1099	2220.5000	1042	2688	1863	2894.5000	1209.5000		3137.5000	2203.5000	1642.5000	2386.5000	2518	1588.5000	1609.5000	1623.5000		1666	2363.5000	2045.5000	1479	1643	1699	2418
_4-Dihydroxyphenylpropionicacid	Dihydroxyphenylpropionic acid	3539.5000	4326	2828.5000	3601.5000	1689	3711.5000	2292.5000	2391	3088	2586.5000	2356	3515	4247.5000	2992	3054	1779	2939		1253		4445.5000	3922	3911.5000	2319	3713	3052.5000	2926.5000	2165	1656.5000	3577	5683	2902	2628	4038.5000	4589	3077	4721	2963	3421	5198.5000	4241	3193		4476	5069
4-Hydroxytacrine		1949		2689	2708	1886.5000	2403.5000	2545.5000		1982	2886	2130	2105	1400		2080	1162	1495		2493	1825	1886		1226	1331	1955	1163	1379		2450	1828.5000	1655	1653	2366		1600.5000	2271		2792.5000	2255.5000	1226	1630	1213		1792	1360.5000
4-Methylumbelliferylbeta-D-glucuronide		5238.5000							10750.5000	11162.5000	14311	12667.5000	4397.5000		3046	10291.5000	1595		11431		4370	17038	13317.5000	10653.5000	11788	12921	12319.5000	12863	12417	7255	7412											7576.5000	7920		11521.5000	5831
5-[2-(hydroxymethyl)-5-methylphenoxy]-2_2-dimethyl-Pentanoicacid(GemfibrozilM4)		18325	25028	25144	24425.5000	23583.5000	25310	25019.5000	19872	19347	19108	19028	25362.5000	24791.5000	26032.5000	25844	12772	25580.5000	23487	24738.5000	24155.5000	19739.5000	19351	19551	20381	19735.5000	19419.5000	19328	18279	18916.5000	17994	27129	26494	23319.5000	19776	19464.5000	25424.5000	25109	24482	23564	21661.5000	18889	19300	20194	20237	19205.5000
5_6-Dihydrouridine	5,6-Dihydrouridine	1837.5000	1528	1423.5000	1892.5000	1558.5000	1596	1613	2559.5000	2268	6110	2901.5000	3310	2881.5000	2271.5000	2571	3223	2139	1139.5000	2350	1724	2242	2091.5000	2661	2249	2092	2251.5000	2194.5000	1625.5000	1658	1782.5000	2245	1628	1751	2264	3586	2604.5000	1769		1926	2328.5000	2633	1737.5000	2468	2006	1460
6_7-DICHLORO-3-HYDROXY-2-QUINOXALINECARBOXYLICACID	6,7-Dichloro-3-hydroxy-2-quinoxalinecarboxylicacid	2149.5000	2002	1242.5000	1866	2286		1961	1824.5000	2550	1761	1071		2411	2969		1808					1642			2560	1376.5000						1840			3460	1596		1460			3905				2024	
6b_11b_16a_17a_21-Pentahydroxypregna-1_4-diene-3_20-dione16_17-acetonide			3405.5000	2066.5000	3193.5000	1917	3192.5000	1346.5000	1758				3306	2164	3526	2776	3931	3990	3542.5000	2271.5000	3535	1105				1201	2929					4192.5000	1666.5000	2196	2152		2307	3373	2982.5000	2576	2067		1419	1840		
6-Hydroxynicotinicacid	6-Hydroxynicotinic acid	8200.5000	7514.5000	6288	6455.5000	6199.5000	6582	5624.5000	6552.5000	9955.5000	8926.5000	6565	8099	8171.5000	7764.5000	7961.5000	6296.5000	5552.5000	6466.5000	6682.5000	6779	7001.5000	7674.5000	8316	7838	8659.5000	8229.5000	7327.5000	6867	7842.5000	7938.5000	7588.5000	6865	8018.5000	6826	7364	6845	7043.5000	6890	5607	5756.5000	6222	7900	7889	7025.5000	7599.5000
6-Methoxy-2-naphthylaceticacid	6-Methoxy-2-naphthylaceticacid	2302	2362	1787	2417.5000	3531	4054.5000	2758.5000	1448	1666	2058.5000	1701	2458	2131	2902	2772	1220.5000	3382.5000	1881.5000	2086	2005	2092.5000	2776	2721	2542	2317.5000	1691.5000	2705	3107	1921	2022	2872.5000	2750	2173	2164.5000	2459	2125.5000	2274	1756.5000	1313	1836	2271	3105.5000	2087	2448	1457
7-hydroxy-10E_16-heptadecadien-8-ynoicacid		5768.5000	6688.5000	6626.5000	6737	6837.5000	4087	5979.5000	8371.5000	8577.5000	9212	9169	8246	4641.5000	7764.5000	7590	4329	4362	4264	4729	7367.5000	6904	6534.5000	8496.5000	8624	7528.5000	8894	8842.5000	8226	10048.5000	9655.5000	8733.5000	8733	5185	9181	7011.5000	7122.5000	6383	7905.5000	6426.5000	6121.5000	9748	8394.5000	8199.5000	6712.5000	4925
8-hydroxymianseringlucuronide			1381.5000	1101	1380.5000	1297	1160.5000	1450	1940.5000		2884	1440.5000	1488.5000	3558.5000	1395.5000	1760	3571.5000	2060.5000		2098	1288.5000	3137.5000	1525	4134	1988.5000		1926.5000	1607.5000	1329.5000	1407	1328.5000	1588	1223	1038	1397	4150.5000	1869.5000	1315.5000	1360	1460.5000	1943.5000	2387.5000	1595.5000	1782.5000	1162	1799.5000
9(S)-HODE-d4	Standard	1510.5000	1444.5000	1164.5000	1430	1502	1438.5000	1527.5000	1388.5000	1370.5000	1442.5000	1352	1379.5000	1590	1609	1629	1274	1456	1557.5000	1570	1602	1508.5000	1526.5000	1179.5000	1301.5000	1380	1458.5000	1432	1412.5000	1640	1600	1604	1504.5000	1616.5000	1537.5000	1599	1523.5000	1299.5000	1512.5000	1328	1570	1301	1439	1588	1209	1335
Acetazolamide	Acetazolamide								3427	2545	3465	3315	1922.5000			3151		1833.5000	3221	1040	1392	4358.5000	5166	4825	2455	4181	3316.5000	3743.5000	3523	3111	3304											3666	3042.5000		2918.5000	2918.5000
Acetoaceticacid	Acetoacetic acid	28225	23332.5000	23871.5000	20475.5000	30707	68028	28194.5000	25362	29380.5000	30238.5000	18943.5000	38710	18900.5000	30814	23991	44827	14117	37368	27110.5000	20220.5000	25417	24792	24221	20665.5000	32740	32315.5000	31281.5000	21950.5000	34841.5000	25232.5000	25839	34946.5000	53902	71810.5000	37732	27419	23808.5000	25432.5000	51715	27426.5000	24693.5000	32748.5000	23432	27438	25252.5000
Acetoaceticacid-1.2563984	Acetoacetic acid	7022	2267	2026	2235.5000	1442.5000	5644.5000	2070.5000	5419.5000	5336.5000	1626	1560	1938.5000	1919	1821.5000	1890	2310.5000	1446	2225	8325.5000	1612	1487	2588.5000	2374.5000	2591	1824.5000	2401.5000	2157	1839	2331	1644.5000	2095	2108	1411	1787	1664	2275	1975	2548.5000	1494.5000	2194.5000	2181	2577.5000	2594.5000	2720	2598.5000
Acetoin	Acetoin	23542.5000	12599	9159.5000	13222	9697	13560.5000	13421.5000	18179	26700.5000	24091.5000	18446.5000	21580	16523	15041	18453	14866	39573	8597.5000	14466.5000	11549.5000	17918.5000	21107.5000	21810	20758.5000	22932.5000	27621	30361.5000	12015	14050.5000	39425	13763.5000	15333.5000	11330	21950	24443.5000	17721	12858	14742	15739.5000	12480	18171	20016	16839.5000	16373.5000	12755
Acetoin-3.5720763	Acetoin	3536.5000	2457	2026.5000	2444	2671.5000	3151	4724.5000	1749	2941	3049.5000	1970	3212	3841	2220.5000	3024	3736.5000	3504.5000	2856.5000	2531	2441	3030.5000	2914	1836	4119	2872.5000	3360.5000	3097	2162	2405	3484	2100	3702.5000	3268	2952.5000	3020.5000	3558	2739	2921	3382.5000	3618	2138	2366.5000	3164.5000	3013	2868
Acetylaminodantrolene		24751.5000	40149			57765.5000	29417	30383.5000	32526.5000	25052	21956	29533	33278.5000	18790.5000	33872	35345.5000	80042	31678.5000		39194		30663	24899.5000	38785.5000	22293.5000	50319	31974	30608	26211.5000	21202	34752.5000	35477.5000	19885	18136.5000	31779	14029	32687.5000		29834	21308.5000	32495	42971	31752.5000	47295.5000	30927	65832
Acipimox	Acipimox	1794	1399	1569.5000	1917.5000	1242.5000	1397.5000	1407.5000	1839	1732	3932	2168	2883.5000	2401	2090	1977	2591.5000	1688		2248.5000	1517.5000	1680	1404.5000	2238	2095	1563.5000	1468.5000	1484	1006	1458.5000	1262	1892	1330.5000	1247	1627.5000	2883	1853.5000	1230.5000	1700.5000	1654	1837.5000	2117.5000	1246.5000	1664	1515	1424.5000
a-hydroxybutyrate	2-Hydroxybutyric acid	95143	94616.5000	55915.5000	90168	82528	85968	71227	75851	52874	84698.5000	38086	109791.5000	59888	85726.5000	58207.5000	72849.5000	102538	84430.5000	90895.5000	74916	69368	91064.5000	113637.5000	133303	100009.5000	102899.5000	79804.5000	106340	99914	69134	68362.5000	92116	50054.5000	93438.5000	101642	101738.5000	68503.5000	114270	61087	74634.5000	63217.5000	105934	127209	101408	91317
a-hydroxyisovalerate	2-Hydroxy-3-methylbutyric acid	1932.5000	1268	10534.5000	17443.5000	1361.5000	39776	19060.5000	16784	13366.5000	10874.5000	1746	22599.5000	20167	12523.5000	2374.5000	11574.5000	34827	15744	2349	18346.5000	12615.5000	1415	28760	2327.5000	26179	17608	26378	27447.5000	13619.5000	24970.5000	20007.5000	27813	22859.5000	26111	20528	20505.5000	15991.5000	16449	12314.5000	15497	22578	29404	10801.5000	33672	13961.5000
a-hydroxyisovalerate-3.5743096	2-Hydroxy-3-methylbutyric acid	6250	3710.5000	2724	2758	3419	4611	4246.5000	3492.5000	4616.5000	7776	3118.5000	5631	5394	3229	3917	4313	3713	3179.5000	3805.5000	2769.5000	4443	4143.5000	3475.5000	5466.5000	5722	4705	4428.5000	2968	3362.5000	4105.5000	3195.5000	4840	4153.5000	4625	4887.5000	4824.5000	3388.5000	3036.5000	4737	4189.5000	3386.5000	3776	3504	4284	3961.5000
AlaPheArg	Ala-Phe-Arg	2087	2790	4225.5000	3489.5000	3279.5000	3394	3521.5000	2319	2358	2300.5000	2306	2714	2712	2615.5000	2727	2699.5000	2821	3024	2900	2887	1974	2085.5000	1806.5000	1923.5000	1983.5000	2624	2459.5000	2183	2191	2319	2466	2636.5000	2585.5000	2473.5000	2096.5000	3521	3595	3242	3236.5000	2948	2325	1883.5000	2210	2506.5000	2594.5000
alpha-hydroxyisobutyrate	2-Hydroxyisobutyric acid	8969	9506.5000	4156.5000	11025.5000	7155	7408	4561.5000	5863	8494	9054.5000	5091.5000	13874	19159	7360.5000	8571.5000	6274.5000	7899	6689	10810.5000	5923.5000	5587.5000	9538	8285.5000	18897.5000	5236	7514	4910	4195.5000	4980.5000	5352	4714.5000	8515.5000	11175.5000	7281	7718.5000	7169.5000	11885.5000	26369.5000	4456	5731.5000	6125	5498.5000	19437	13166	9347
alpha-hydroxyisobutyrate-1.2596271	2-Hydroxyisobutyric acid	2087.5000	2184	1662	2244	1797	1641	1938	1888	2051		1377	1787	1930.5000	2358	1992	2408.5000		2168.5000	2553	1743	1693.5000	2299	2068	1480.5000		1928.5000	1511		2080.5000	1598	2001	2100	1689.5000	1417	1612.5000	1849	2407	1747	1661.5000	2137	1613	1973	1474	1104	1749
alpha-hydroxyisobutyrate-2.5388858	2-Hydroxyisobutyric acid	19659.5000	12539.5000	8197.5000	10396.5000	14812.5000	12906	12552	13859.5000	102490	25361.5000	6952.5000	16101.5000	13058	12385.5000	14473.5000	13314	23095	10503	11951	11433	7876	22397	18187	13868	16158	18130.5000	16105	16228	11680	16930.5000	10679	12943.5000	12452.5000	13141.5000	19466	13073	12084	12181	8511	13879	15849.5000	17759	12839.5000	15850	16355.5000
altretamine	Altretamine	2617.5000	1397	1297	1353.5000	2123.5000	2874.5000	2082	1071.5000	1674.5000	2934.5000	2360	2232.5000	1727.5000	1403	1377	2301	1821.5000	2429.5000	1067		4552.5000	1869.5000	1041	3018.5000	2533.5000	5389	3143	1591	1972	2054	1522	1494	2032	3300.5000	1612	1053.5000	1500	2254.5000	1792	1824		1375	1583	1716.5000	4270
ANABASAMINE	Anabasamine	2133.5000	1765	1425	2960.5000	2592	1800	2856	3693	1785.5000	3109.5000	2266.5000	2627.5000	1996.5000	1941.5000	2761.5000	1541	2460.5000	1744	1852	2578	3011.5000	2364	1843.5000	1943	1955.5000	2792.5000	3613	1672		2178	2374	2698	2412	2335	2008.5000	1760	1612	2390	1519	3223	2082.5000	1582.5000	3170.5000	2420.5000	2395.5000
Arginine	Arginine	3072	3284.5000	4459.5000	3583	2319	3233	3445.5000	3252.5000	3063	3858.5000	4523.5000	3881.5000	4104.5000	3452	2926	3748	3140	2859.5000	2200	3071	3696	4573	3089.5000	4361.5000	3417	2722.5000	4036	3900.5000	4585	3211	3826.5000	3721	2674	2677.5000	2670.5000	3192	3078.5000	2830.5000	4163.5000	3303	2654.5000	2716	3089	2553.5000	2668.5000
AsnGlnGln	Asn-Gln-Gln	2204	1331						1603	1908.5000	2312.5000	1898.5000	2358.5000	2088.5000	1406	1229	2033.5000		2144	1626	1659.5000	1945.5000	3122.5000	1842.5000	1648	2315.5000	2056	2604	2868.5000	2182.5000	2340.5000	1914		1675	1459.5000	1209			1507.5000	1075.5000	1406	2269	1569	1933.5000	2388.5000	2879
AspAsp	Asp-Asp	4666.5000	1950		4412.5000	1993	1646	2947	2420.5000	9935.5000	9561	10107.5000	3941	3370.5000	3633	7649	2211	5796		2485	3167	10072.5000	4051	8086	4344.5000	8611.5000	3537	10062	2684	1557	2094	4053	3924	2213.5000	5321	1757	4375	1885	1700	1890.5000	3241	10209	2610.5000		5418	4661
AspAsp-0.9946096	Asp-Asp	3469	3386	3280	1491			2350	11834		4137.5000	8661	1722	1977.5000	2514	14025	4268		9532	3569		3002		4363	15204	2690	9841		2343	2888		1924	1883			6177		10292	4239.5000	1771	6118		1711	5353.5000	12576	3375
AspGlu	Asp-Glu	5454	4465	5359.5000	3974.5000	2795.5000	4194	6140.5000	4152	4842	6448.5000	3677.5000	2683		3620.5000	5716	4460.5000	3509	3229	7738.5000	3552.5000	5911	2709	3165.5000	6411.5000	4583	4537	4903.5000	3822	2926.5000	2118.5000	3609.5000	3848	6139	5330.5000	4771	3693.5000	5663	2952.5000	5968	6008.5000	4154.5000		1960	3686	
Atovaquone	Atovaquone	1513.5000	1486.5000	2285	2489.5000	1941.5000		1792.5000	1709.5000	1501		1720		2544.5000	1554.5000	2044		6123				1611.5000			1954	1472	1084	2648				2390	2194.5000	1596.5000	1685.5000		1719	2337	1864		1895			1698	1304.5000	
BENZANTHRONE		3383.5000	2223				1791	1441	2002	2185	3856.5000		1993	1423				4350	1355	1463	1718	2007	4183	3119	2355	2748.5000	2862.5000	2712	2882	1482	3011	1072	1966	1772	2428.5000	1991.5000	1857		1952		1816	2446	3515	2238	1523.5000	2619.5000
BENZANTHRONE-2.6784797		19767.5000	16532.5000	8208.5000	14049	13249.5000	15114	12285	16130.5000	21646	17815	5744.5000	22162.5000	10014.5000	15540.5000	9616.5000	11604	20216.5000	17080.5000	16327.5000	14701	14440.5000	17889	24918.5000	29140	20925	19670	15112	22469	20330.5000	13948	12224.5000	17123	8317	16805	19059	18892	12741	20840	9670.5000	13483.5000	11958.5000	23531.5000	23364.5000	21818.5000	19003
BENZANTHRONE-3.2888675		7118.5000	5038	2542	4273	5825.5000	8127	5134	4996	4218.5000	5863.5000	4703	5213	5170	6386.5000	5634	3210	8133	4289.5000	4694.5000	5719.5000	7321	7707.5000	7215	7281	7072.5000	4592.5000	6767	7932	4285	6566.5000	5041	6391.5000	5477.5000	6323.5000	5632.5000	4971	4228	4263.5000	3618	4130	5478	7859	4565.5000	8315	5797
BENZANTHRONE-3.462548		1280	1381.5000			1276	1882.5000			1859	1134	1056	1415	1224	1778			1208.5000		1293.5000		1856	1346	1250.5000	2054.5000	1858		1372	1504	1195	1280.5000	1276.5000	1457.5000	1186	1911	1169	1198		1376		1251	1163	1123	2188.5000	1363.5000	2082
BENZANTHRONE-3.5734656		4381.5000	2674	1526.5000	2075.5000	2361.5000	2898.5000	3526	2430.5000	3505	4379	2094.5000	4099	3728.5000	2552	3581.5000	3609	2784.5000	2460	3226.5000	2290	3994	3742.5000	3347	4609	3162.5000	3382.5000	4168.5000	2845.5000	2649	4091	2538.5000	3367.5000	3047	3311	3807	2929.5000	2568	2746.5000	3067.5000	3185.5000	3260.5000	2855	3733	3161	3287
BENZANTHRONE-3.7885036		27748	18652.5000	8238.5000	11159	9491	11096.5000	10276	17868	13603	15222	10220.5000	12387.5000	9025	9516.5000	19046	11526	20158	13280	17963	13739	15027	18801	17105.5000	15864.5000	18646	13728	13585.5000	15281	14645.5000	16722.5000	12504.5000	12931	10599.5000	18910.5000	21481	11605	10724.5000	12159.5000	13297	16543.5000	14935	17170.5000	13123.5000	18725.5000	15198
beta-Alanine	beta-Alanine	1799		1321	1008	1439.5000	14366	40529	1231.5000			2125.5000	1148.5000	29321		1611	1502		1047	17721			1306		2159	1573	1414	1428	1166	1004			17439	1239	1529.5000	1186	1056		25060	1389	1310.5000		1895.5000	34688	1033	1876
beta-Alanine-0.95868075	beta-Alanine	30531.5000	39352.5000	28156.5000	33773	29142	15815.5000	26042.5000	33294	37082	29736.5000	32430.5000	38112.5000	16677	36434	26927	29792.5000	35609	33639.5000	21047.5000	28515.5000	36415	40591	34114.5000	37084.5000	33830.5000	39575.5000	37835.5000	33504.5000	39018.5000	35866.5000	32044	19423.5000	35991.5000	30433	36032.5000	31136.5000	28123	21143	28190	26030	27690.5000	35080	23257	34225	37791.5000
beta-Alanine-2.1040177	beta-Alanine	5572	6758	3529.5000	3832.5000	3561.5000	6377	4486.5000	5898	5022	5427	5830.5000	4105	6969.5000	5975	8161	5395	7124	1791	4912.5000	3815	7055	6340	7160.5000	4512.5000	7794.5000	5540	6629	5169	3902	5401.5000	7945.5000	6260.5000	4912	6421	6392	5990.5000	3519.5000	5522	2403.5000	6495.5000	8098.5000	6571.5000	4187.5000	6550	6857.5000
beta-D-Glucopyranosiduronicacid_2-(1H-indol-4-yloxy)-1-[[(1-methylethyl)amino]methyl]ethyl		3598	4137.5000	1805		4900.5000	2678	2598	1972.5000	1888	2561.5000	3873	7049.5000	6973.5000	5540.5000	6449.5000	7530.5000	5495	7899.5000	4231	7899	5919	6044.5000	6117.5000	4274	4260	4807.5000	5916.5000	4497	5490	3910.5000	3645	5762	6099	5297.5000	5024	6807	3713.5000	4778.5000	3596	3390.5000	2514	3966	4002	4667	1881
beta-D-Glucopyranosiduronicacid_2-(1H-indol-4-yloxy)-1-[[(1-methylethyl)amino]methyl]ethyl-10.241287			4501.5000	6226.5000	6526	1891	5837	4851.5000	2624.5000	3175	3156.5000	2751	2557.5000	2047.5000	3810	2354.5000	2381.5000	4525.5000	2472	2275.5000	2125	5667	1838	2059	3920	1850	2134.5000	2067	2182	1838.5000	2728.5000	4408	3585	2681.5000	3614.5000	2776	5141	4187.5000	4531	4595	5123.5000	3911	2466.5000	2621.5000	1355.5000	3789
beta-hydroxybutyrate	3-Hydroxybutyric acid	27824	21646	1042	1148	14054	1311.5000	1279		1577.5000	10542.5000	17046	1548.5000	1542.5000	24574	26547.5000		1878.5000		16323.5000	1259	12577	29997	1803.5000	28767			1939.5000	1909.5000	1173	2157	1185.5000	2086.5000	1539	2132	1450	2328.5000		1757		1443	1551.5000	2351	10684.5000	2438.5000	14041
b-Glucose	Glucose	13339.5000	12859.5000			24939.5000	14262	17050		30319.5000	2658.5000	16728.5000	5047.5000	20243.5000	15462	9817	10235.5000	27442		1942.5000	23168	10011	5586.5000	44007.5000	13353.5000	9289	10085	37469	6409.5000	5346	18424.5000	26294		5970.5000	1727	3099	14503	20284.5000	11554.5000		11715.5000	19977	43336	38345.5000	31712	23969.5000
Biotinamide	Biotin amide	4544	1800		2594	3023.5000	3879.5000	2793.5000	3892.5000	4447.5000	2802.5000	5482	3635.5000	2309	3045.5000	2996	3752	2697.5000	3778	4299	1831	2902.5000	4042.5000	3247	7058.5000	2863	3050	4426	3978.5000	3922.5000	2826.5000	3204.5000	4957.5000	3597.5000	5420.5000	3803	4516	1525	2576.5000	3507	2912.5000	3025	9173	3401.5000	4328.5000	4680
Bromopyruvicacid	Bromopyruvicacid	4868	5036.5000	4294.5000	4894	4697.5000	4751.5000	4744.5000	4897	5695	4095	5348		5546			4508.5000	4559.5000	4281	4505		5085	4877	3929.5000	5722	4258	5449.5000	5728	4716	5032	4636	4907	4954	5401.5000	5101.5000	5454	4564.5000	4086.5000	4507	4259	4376.5000	4634		5553.5000	5704	
B-ureidoisobutyricacid		136884.5000	65982	61069	78348.5000	111950.5000	79047	104595	120842	117573.5000	33000.5000	44814.5000	109492	78831	91919	92942	116358.5000	60495	123445	93998.5000	61337	104143.5000	99136.5000	89514	146152.5000	101061.5000	114851.5000	143808	126687.5000	62609.5000	113677	91120.5000	75478.5000	98277.5000	112903	108538.5000	131923	58814	95019.5000	68287.5000	64951.5000	98657	81652	74506	75660.5000	102576.5000
Ceramide(d18:1/26:1(17Z))	Cer 18:1;O2/26:1(17Z)	4088.5000	7804		3226	5774.5000		3978	4566	6948.5000	4112	3574	3894.5000	3925	4503	6683	4004	3986	3881	7176	6134.5000	3818	3838.5000	3780.5000	5000.5000	3562.5000	6474.5000	6824	4263	7966	5833	3788	5454	5936.5000	6568	5275	3104	3825	7698	7197		3607.5000	3853	3799	4891	3972.5000
Cer(d18:0/18:0)	Cer 18:0;O2/18:0	10789	4984.5000	10484	12377	4047.5000	3936	4451.5000		4563.5000	4752.5000	7988.5000	11746	5585	12137.5000	8051.5000	4402	4599.5000	4306	17226.5000	4359.5000	9100.5000	4694.5000	8277.5000	4650.5000	4830.5000	11386.5000	17759.5000	10943.5000	13501	4930	22409	12899.5000	8642.5000	11399.5000	5115	4055	4681	10718.5000	4259	12010	4851	13566	5113	13665	4969
CerP(d18:1/22:0)	CerP 18:1;O2/22:0	9435	9180	3289.5000		6585	3596	8891.5000	9749.5000	4849.5000	7315	6753	17800	5034.5000	7514	6633.5000	7869	2668	6236		12538		3187	6533	6859.5000	7188.5000	5755.5000	7585	5680	2428			7090				3121	5554.5000	8652	4371	5615	11858		7643		6046
Chloralhydrate	Chloral hydrate	22184	19719.5000	22724	20726.5000	21193	21595	20866.5000	20373	21635.5000	22027	21783.5000	22063	20756	22098	22822.5000	21057	12101.5000	21437	22016	21328	22898.5000	22570	22087	20399	23082.5000	23027.5000	17400.5000	21949.5000	22325.5000	20248.5000	20877	21179.5000	22994.5000	22973.5000	21960	20524	20526.5000	20524.5000	21261	22505	20867.5000	22816	22217	22084.5000	22102.5000
Chlorogenicacid	Chlorogenic acid	60382	59915.5000	33553.5000	32926.5000	29252.5000	69183.5000	52621	33944.5000	36013.5000	36753.5000	44953	66851	29348	31941.5000	45737	36578	44374.5000	33682	46465	32534.5000	48338.5000	35749.5000	53262	33507.5000	80168.5000	50991.5000	47658	40338	24241	41304	41870.5000	40350	74589	48528.5000	26428.5000	46658.5000	36078	28124	41924	57401	55896	30055.5000	21773	49938.5000	97027.5000
Cilastatin	Cilastatin	13044.5000	11550.5000	9999	11667.5000	8441.5000	9741.5000	8801	16149.5000	21087.5000	7079.5000	17041	13118	12571.5000	13297	8912	10945.5000	7324.5000	14585	13314.5000	15073.5000	14066.5000	18857.5000	11873.5000	25313	8757.5000	11308	13685.5000	12803	15072	9383.5000	14195	12936	11417	13164	13566	14801	9521.5000	11851.5000	12342.5000	11000	12661	20433.5000	16046.5000	11375	9798
cis-3-(6-Hydroxy-7-methoxy-5-benzofuranyl)acrylicacid			20366	19511.5000	28285	10080.5000	7382	65222					19700	18220	10819	47863	12578	32393	44104.5000	17614	77762							7668				17570	9587.5000			9176	13037	18377	16097	6814	17428		29278	7486		2359
cis-3-(6-Hydroxy-7-methoxy-5-benzofuranyl)acrylicacid-0.9427811		29833	18752			12808.5000	6016		41873.5000	30639	34359.5000	54409.5000	11723		21107.5000		70041.5000	91408		16990	62302	46195.5000	31769.5000	47094.5000	40695.5000	28401	36588	25815	48837	17827	28056	18174		50127	9061.5000	29036		19043		6101	17677	48656.5000	26877	21818.5000	40131	5898
cis-3-(6-Hydroxy-7-methoxy-5-benzofuranyl)acrylicacid-1.3130308		2943	3985	4560	6515	3731.5000	3041.5000	4152	3921	2930.5000	3178	4589	3594	3075	3219	3757.5000	4924	3326	4877	6481	2845	3129	3471.5000	3568	4883.5000	3505.5000	3955	3667.5000	2660	2725	2310.5000	3280.5000	4828	3555	3330.5000	2200.5000	4543.5000	3754.5000	3882	2706.5000	4698.5000	3745	2666.5000	4791.5000	4126	5265
Citraconicacid	Citraconic acid	1951	20883.5000	11375	6715	7119.5000	11733.5000	18182		3587			1982	17390	1201.5000		4954.5000	2365.5000	1400	19363	1610.5000	2591	3348		4480.5000			2721.5000			3415	23290	26207.5000	12740.5000	13752	13214	20656.5000	12084.5000	1696	10558.5000	16038			3576.5000		
clavuloneI	Clavulone I	2749.5000	3351	3837.5000	2312	2780.5000	4127	4281	1912.5000	2002	2719.5000		3977	3242	3048	3331	3033.5000	3020	3015.5000	4274.5000	3937	1858		2761.5000			2576.5000	3759.5000	2977	2929.5000	2664.5000	2125	4368.5000	3059	4212.5000	3013	3637		3280	2595.5000	2548.5000	2790	2292.5000	2062	2423	2863.5000
Creatine	Creatine	7774.5000	9199.5000	6548	7241.5000	6892.5000	7087.5000	10410	7875.5000	8758.5000	7201	7743	9000.5000	6500	9259	6472.5000	7259.5000	8234	7871.5000	9363.5000	6351.5000	8992.5000	10211.5000	8131	9017.5000	8451.5000	10159	9097	7740	9122.5000	8754	7885.5000	8446.5000	9430	7893	9099	6916.5000	6458	7279.5000	7354.5000	6956	6466.5000	8248	9744	8330.5000	9071
Creatinine	Creatinine	80631.5000	77863.5000	52597.5000	60699	40191.5000	52693	51701.5000	79589.5000	51464.5000	83073.5000	68770	61128.5000	64319.5000	63049.5000	87544.5000	54098.5000	59685.5000	42963.5000	53638	47736	77081.5000	66211.5000	83357.5000	65289	77437	56382	67710.5000	52509	49811	77578	68306	54212.5000	53557	64272	56346.5000	60823	49249	46880	57001	75238.5000	80024	47162.5000	57062	73133	59613
cysteine	Cysteine	1914.5000	2264.5000			1063	1217	1006	1098.5000	1234.5000	1744.5000	1529.5000	1444.5000	1362	1813	2492	2351	3404.5000		1166	1675.5000	2273	1912	2492.5000		2737	1707	2469	1870		2460.5000	1126		1214	1697	2188.5000	1206	2471.5000	1366	2192	1308	2790	1204.5000	1555.5000	1981	8223.5000
D1-2-Hydroxymethylethisterone		41052	90792	96935	46200	94301	34595	95307	78072.5000	77337.5000	37156	70709	84372.5000	47476	72066.5000	90628.5000	46555	46197.5000	89681	46769	47088.5000	36582	68799	74404.5000	71677.5000	62411	43759.5000	46469.5000	84648.5000	34872	78548	89567.5000	83007.5000	43691.5000	82052.5000	43869	92790	91004	40534.5000	46621	74582	72248	75510	78560.5000	60589.5000	76616.5000
D1-2-Hydroxymethylethisterone-11.336955		37591	3766	3397.5000	49554	4113	58405.5000	4013			43280.5000	12848.5000	14246	2762.5000	16563	4068.5000	47990.5000	45337	3741.5000	46463.5000	90746	40305.5000	7258.5000	3105		4075	75904	2855		7843.5000			3691.5000	49998.5000	18214	3372	4434.5000	3970	52436	44867	3457	8935.5000	9598	4266	2445	3675.5000
D1-2-Hydroxymethylethisterone-11.481426		13969	12652	16006.5000	15319.5000	16390.5000	9807	16326	14040.5000	14392.5000	14806	13167.5000	14549.5000	16712	15520	14689	10129	14908.5000	14957	9563	9903.5000	8749	13801	13159	13008	13018.5000	14582	14464.5000	13920.5000	14924.5000	13781.5000	15484.5000	15628	16179	15206	13580.5000	15756.5000	16709.5000	15731.5000	8905	15867	14323.5000	13568	13374	13080	14027.5000
D-Biotin	Biotin	1133	1063				1046				1023			1282.5000	1323.5000	1069		1077.5000				1105	1159.5000	1678	1250.5000	1106.5000	1005				1603			1013		1090			1121.5000			1317.5000			1215.5000	1670.5000
Dehydroascorbicacid	Dehydroascorbic acid	18173.5000	11951.5000	7579	18939	9256	13075	8937.5000	10591	10508.5000	9067	10364	10758.5000	10682.5000	11539	9889.5000	13009.5000	6921	13377.5000	21922	8029	7514.5000	20132.5000	17199.5000	17315	9724.5000	12245	11883	7513.5000	11466.5000	9458.5000	9862.5000	18646	8107.5000	9575	8977.5000	22173	11513.5000	18834	9290	23324	10405.5000	12322	17277.5000	13339	13985.5000
Deoxyribose	2-Deoxyribose	2117	1538			1577	1533			2926	2662.5000	4906		1305	1092.5000							1290	1009	3187.5000	1796.5000			2282				1860			1183.5000	1529	1877	1474.5000			1634	2465.5000		1866.5000	2656.5000	2679.5000
Deoxyribose-2.4220703	Deoxyribose	5253.5000	5047	2577	3617.5000	3195	3682.5000	3839.5000	4841.5000	4049	3762	5847	5158.5000	4216	2632	9195	3696	5867		4571.5000	3173	4191	6094	4363.5000	4288.5000	8764	4938.5000	5566	2681.5000	3258.5000	6558	4471.5000	6363	5055	6145	4128	2996	4028	2498.5000	3098	5164.5000	6706	4082.5000	5023.5000	6179.5000	5775
Deoxyuridinemonophosphate(dUMP)	dUMP	1336.5000	1593	1325.5000	1049.5000	1387.5000	1405.5000	1482.5000	1224.5000	1537.5000	1191	1013	1080.5000	1253.5000	1611	1865	1371.5000	1337.5000	1044.5000	1357	1264	1149	1643	1279	1258.5000	1730.5000	1496	1601	1158	2001.5000	1902	1065.5000	1270.5000	1161	1411.5000	1136	1183.5000	1078.5000	1567.5000	1280.5000	1833	1322	1510.5000	1305	1277.5000	1791
D-Homoserine	D-Homoserine	6201	4555.5000	4897	4178	5007.5000	3844	5805.5000	6148.5000	5215.5000	5524.5000	7723	6932.5000	3838.5000	5306.5000	3138.5000	4585	4459	5842.5000	4751	4764	4422.5000	4524	6047.5000	8279.5000	4335	3645.5000	6023.5000	4239	4663.5000	4451	5459.5000	5166.5000	4635.5000	8158.5000	3582	8958.5000	4555	5354.5000	5067	4024.5000	4042	5732	5236	3840	6449.5000
Diacetyl	Diacetyl	6108	8476	8010.5000	7707	10903.5000	11118.5000	8546	4122	9090.5000	9330	9200.5000	10191.5000	3405	7600.5000	2121	8516	8244.5000	7981	8636.5000	8756	7704	9901.5000	8751.5000	8680.5000	10397.5000	6830	9999	8429	9201	8930.5000	7431	8285.5000	9738.5000	9822.5000	7948.5000	8201	8337.5000	7506	9466.5000	8887	7980.5000	9256	7446	8859.5000	10527
Diacetyl-1.0001581	Diacetyl	8400	5258.5000	2549.5000	1807	1672	1265	2316	4714.5000					2568	2038	6314	3711			3402							2524.5000	2150				4278	4798	3016	2242.5000	3261.5000	3283.5000	2903		1376.5000	2422		2073	1636		
Diacetyl-1.2288649	Diacetyl	47834.5000	1627	35150.5000	54617	37326.5000	2867	20329	37140.5000	37405.5000	31909	36471	40831	1636	45285.5000	38868.5000	49880.5000	27337.5000	51178	1312.5000	32424.5000	25782	54869	46218	59185.5000	34186.5000	45743.5000	44168.5000	26243	41783	34919	20500.5000	1821.5000	4283.5000	20236.5000	17645.5000	1497	28651.5000	51841.5000	2529	6490	36291	44619	62119	48252.5000	50677.5000
DICHLORODIPHENYLTRICHLOROETHANE	Clofenotane		1220.5000	1461	1382.5000	2244.5000			2417.5000	1443.5000	1010	2816		2802	1094	2138.5000	1145	3050.5000		2587		1287			1201							1022.5000			1343.5000			1206			1175			1130	1619.5000	
Dihydromyricetin	Dihydromyricetin	10779.5000	8659.5000	6079.5000	10973	7919.5000	7991.5000	6372	9083	7232.5000	11034.5000	5828.5000	6254	6551	6720.5000	8492.5000	6471.5000	5741.5000	7087.5000	9545.5000	4264.5000	5065.5000	6816	7819	10608	7546.5000	6897.5000	7232	6112.5000	9012	5317.5000	6337	9487.5000	4524	7822.5000	4134.5000	12031	6977	6840.5000	4869.5000	9226	7049.5000	6217	6847.5000	8491	6214.5000
Dihydroxyacetone(glycerone)	Dihydroxyacetone	713456.5000	507571.5000	403978	400549.5000	589744	655162	492659.5000	476440.5000	684510	534161	748837.5000	569691	430824	549914	493272.5000	574822.5000	463203	527888.5000	538866	480759.5000	557817	626293.5000	547206	478756.5000	658687.5000	598920	570703	484945	604482.5000	546075.5000	511838	625874	730140	754938.5000	541023	498845.5000	454197	427310.5000	520455.5000	631787	494084	746530	510211.5000	556322	571496
Dihydroxyacetone(glycerone)-1.2817216	Dihydroxyacetone	2273713.5000	2354570	1803466	1798472.5000	2061763	1495002	1869815.5000	2025472.5000	2112078.5000	2043614.5000	1858949.5000	1949213.5000	1925646.5000	2240119	2210317	2229227.5000	1690113	1798613	1200158	1714983	1048021	2620121	2017102	2629142.5000	2656284.5000	2338627.5000	2005026.5000	2072117	2704588.5000	2512661	2008070	2213317.5000	2132133	1035076.5000	9448.5000	1884840	1452543	1585359.5000	2031555.5000	2087742.5000	2148941	2357341.5000	2216826.5000	2254540	2731654.5000
Dihydroxyacetone(glycerone)-1.3654007	Dihydroxyacetone		295207	406498			407476	462149	270348	364975	350471	369283		381093	567202	374520.5000	400976	498243	486275	2549137	453881	1215975	544945	286259		433658	450094	462262	157853	234881	329480		267754		1977424	2010864	220243	501678.5000	323673	274317.5000				185556.5000	179745	280696
Dihydroxyacetone(glycerone)-1.4241207	Dihydroxyacetone	120973.5000	86867		111227.5000	74352	256280	116729	98327	85453	65476.5000	55075	73256	179974	143257	115875	18190		62786	147986				99657		151360	73683	38790		132357	132928	116449	63083		434146	128172.5000	119529	86368			149813					100788
Diphenylmethylphosphineoxide		30217	12594	5330	7504.5000	10771.5000	10863.5000	9848.5000	28152	39542	27383.5000	16607		21936.5000	9011	23230	23335	22875	5244		18384.5000	24659	30577.5000	40385.5000		36748.5000	12814	25220.5000	36773.5000	33210.5000	26074	25687.5000	34995	19634	31948	36534	10582.5000	8969	8974	23516.5000	19988	24987.5000	24085.5000		19937	30035.5000
Ellagicacid	Ellagic acid	15554.5000	26618.5000	27580.5000	22767	25076	22107	30525	14427	19319	14493	17606.5000	29253.5000	30834.5000	31368.5000	27326.5000	34218.5000	28517.5000	37430	29795.5000	37440.5000	18925.5000	16751.5000	14053.5000	19286	13018.5000	15784	15004.5000	15995.5000	21816	14568.5000	20611	32573.5000	18112.5000	6969	17356	32593.5000	26561	33182	31332.5000	28445	15264	17360.5000	16110	15089.5000	9491.5000
Embelin	Embelin	113557.5000	119380.5000	112430.5000	108300.5000	113664	110948	103887	112879.5000	115280.5000	111938.5000	116367.5000	120686.5000	116279	116971.5000	112893.5000	114981.5000	110255	109104	109406	111112	118573	113284.5000	110969.5000	118614	117358	117020	119648.5000	112748.5000	117857	116705	113026.5000	115739.5000	111775	119148	115112	113343	112912.5000	116551.5000	115065.5000	109751	111354	110767.5000	112532.5000	110981.5000	120901.5000
Embelin-10.833458	Embelin	14323	16646	15577.5000	15327.5000	15188	15519.5000	16116	13462	13186	13422.5000	12897	14885.5000	16708	16679.5000	15753	15183	16110	17075.5000	17096.5000	16173.5000	13808.5000	14168.5000	13852	13316	13295	16421	14445.5000	14842.5000	13951	14455.5000	16944	16858	16034.5000	16956.5000	16649.5000	16113.5000	15415	16276.5000	16145.5000	16670	11674.5000	13443	14503	13892	13970.5000
Embelin-14.146105	Embelin	9985	12291.5000	8536	9916.5000	10198.5000	10384	9571.5000	10769.5000	11389.5000	11537	11106.5000	9085.5000	10135	10548.5000	9829.5000	5722.5000	9432.5000	10076	9942.5000	9116.5000	10317	10670.5000	9827.5000	10791.5000	11141.5000	10460.5000	11709	11556.5000	10267	9635.5000	11398	11083	9695.5000	11435	11091	10780	9801	9305.5000	9596.5000	10449	9723.5000	10464.5000	10798	5455	11222
Embelin-9.5837	Embelin	5537	4417.5000	4328	3902.5000	3715.5000	3692.5000	7628.5000	4649	5546.5000	4721.5000	5314.5000	4433	4599.5000	4419	4662	3806	4100	4746.5000	4282	3570.5000	4758	4506.5000	4866.5000	4724	5218.5000	4804	4776	5152.5000	5660.5000	5517	4339.5000	4447	4296	4482.5000	4271	4186.5000	3879.5000	3958	4830	4263.5000	5042	4916.5000	5299.5000	5603.5000	5142
EPIAFZELECHIN(2R_3R)(-)		3258.5000	3043.5000	1942	2691.5000	2621	2954	2585.5000	2620	2661	2965		3203	2139	2722.5000	2035	2037	3528	2871	3442.5000	2847.5000	2301.5000	3065	3494	4067.5000	3639	3247.5000	2921.5000	3280.5000	2995.5000	1465	2338.5000	2626.5000		3224.5000	3229.5000	3281.5000	2419	2415	2186	2418	2322	3278	3136	3394	2563
Erythromycin	Erythromycin	2517	2486	2093	2140	2409			3093	2531	5147	2802.5000	2390			3738		2044	4488	1992		2732	5219	2705		2739.5000	2866.5000	2869	2439	3457.5000	4343.5000			2719	2677.5000	2461							7281	2580	2574	2524
ethylmalonicacid	Ethylmalonic acid	1688								2408.5000	1809		1340		1261			2835.5000		1467		1529	1469	1721	1357	1579	2012.5000	2203			2591		1291		1468.5000	1185.5000				1518		1386	1433	1027		2213
Fenofibrate	Fenofibrate	5265.5000	3714	1206.5000	2761.5000	2094	3274	2287.5000	6521	4573.5000	14206	5011	6580.5000	5278.5000	4036.5000	5064.5000	6744	2946.5000	1499.5000	7305.5000	1690.5000	6834.5000	4985	10313	5853.5000	3063.5000	5983.5000	4721.5000	2080.5000	5366	3587	3324	3204	2591.5000	4000.5000	9291	3207.5000	2566	2722.5000	4855.5000	5069.5000	4595.5000	2760	6092	4262	8794.5000
Fenoterolsulfate		13721.5000	13931	9153.5000	9843	8763	12019.5000	12188	13587	11456	7320	16137.5000	15072	10675.5000	11896	25627.5000	11820	12758	7048.5000	8878.5000	9256	12226	9804.5000	14080.5000	10813	19472	12910.5000	15341.5000	8209.5000	8407.5000	17706.5000	16311.5000	13885	16847.5000	13073.5000	11987.5000	8769.5000	10534	7422.5000	12105	13698.5000	20725.5000	10042.5000	11560.5000	15975.5000	18244
Furan2_5-dicarboxylicacid	2,5-Furandicarboxylic acid	2472.5000	2316		2003.5000	1276	2034.5000	2022	2219.5000	1791.5000	1681	1958	2329	2161.5000	2143.5000	1953.5000	2550	1385	2632.5000	3040	1863.5000	1641.5000	3030.5000	2350.5000	3071	1721	2399.5000	2274	1391	2209.5000	1849	2110.5000	2873.5000	1926	2068	1670.5000	2616	2189	2748	1918.5000	2726.5000	2040	2519.5000	3264.5000	2376.5000	2568
Glucoheptonicacid	Glucoheptonic acid	30966	4520	2097	3695	2735.5000	2709		6373	28163.5000	6643	4441.5000	6708.5000	5606	4097	4560	3674	3988	4853	4600.5000	4900	5268	6767.5000	4535.5000	5612	21317.5000	5133	15387	15918.5000	3892	30665	2359	4466.5000	3934		4207	4006	4479	4228	5549.5000	5915	4675	5123	4537.5000	4882	18624.5000
Glutaconicacid	Glutaconic acid	2287.5000	5106	2484.5000	4235.5000	4235.5000	10657.5000	10419	4571.5000	5612	6817.5000	6021.5000	5472	4388	11482.5000	4046	5577.5000	3126	4616.5000	15215.5000	9801	5037.5000	6242	5907	7196	8175.5000	6825.5000	7330	6082	8262	4232	11451	5076	7753	3388.5000	2013	12428.5000	13585.5000	1904	9830.5000	5820	6960	5955	6225	5670.5000	11443
Glutaconicacid-1.257499	Glutaconic acid	21936	27209	21314	32889	20888.5000	19514	23659	20523	25368.5000	17826.5000	25734.5000	27572.5000	23015	29254.5000	23671	32566.5000	15555.5000	32174.5000	30952	19365.5000	15350	34914	26909	33769.5000	23966.5000	28066	31364.5000	16607	27136.5000	20668	23711.5000	30920	19971	24171	22139.5000	27483	29405	31454	23504.5000	32606.5000	22767	29283	41612	30705	25363.5000
Glutaconicacid-1.6951267	Glutaconic acid	56523	17797	8520.5000	45140.5000	29455.5000	8202	38138.5000	19810	13919	19414.5000	21112.5000	23759	21141.5000	9201	42710.5000	32203	22732	14137.5000	16932	15567	9154	24507.5000	8717.5000	64272	46083	50657.5000	30790	35320	79217	23138.5000	16705	43165	21702	34633.5000	22304.5000	77855.5000	31724.5000	26715.5000	15893.5000	25281	12423.5000	6607	18900.5000	52115	16978
Glutaconicacid-1.7573386	Glutaconic acid	64282	49665.5000	17698.5000	9000	6157	19941	51534	85743	95593.5000	52538	4469	12135	40714	42511.5000	91015.5000	40702	29772.5000	59463.5000		13708	35693.5000	82991.5000	60147	96504	69725.5000	82244	45872			98154.5000	68896.5000	84423	34368.5000	67167	15059			44180	23677.5000	28055	10463	51884.5000	83226	106304	119179
Glutamate	Glutamic acid	12834	13396.5000	5080.5000	7069.5000	7679.5000	6810	7051	12242.5000	9403.5000	9630	11950.5000	14180.5000	10550.5000	10212	19572.5000	9048.5000	10958	4266.5000	8450.5000	8595.5000	16107	13317	18896	9384	19022	10206	14159.5000	7979.5000	6830	14037.5000	14008.5000	9330	9207.5000	12768	11985	7228.5000	8163	7076	5609.5000	10425	20408.5000	10349.5000	10788.5000	13193	26901.5000
Glutamicacidg-semialdehyde	D-Glutamic acid	5234.5000	9847	3068		6577	6226	5278.5000	9446		8121		3583	7491.5000	8288		2825	9280		3935	2242	10591	10590	11535		12717	7711	10234	5345		10411.5000	12124.5000			3402	7149	5713.5000	7195	5920	7945	3181	12153	2391	2482	7478.5000	8586.5000
Glutaral(Glutaraldehyde)	Glutaral	5915.5000	4187	2616	2788	2240	3651	3056	3729	3020.5000	3363.5000	4124.5000	3328	2807.5000	3370.5000	5453	2794	4067.5000	2542	3511.5000	3156.5000	5034	4607.5000	4710	5085	4659	4077	5450.5000	3867.5000	2376.5000	5384.5000	3377.5000	3187	3795	5500	3631	3120	3100	2702	3191	3950	5538.5000	4002	3387.5000	4446.5000	7807.5000
glyceraldehyde	Glyceraldehyde	26114	34871.5000	23780	14211.5000	19882	21109.5000	11066	44615	31876	30839.5000	47700.5000	19488	30287	26665	17817	27234.5000	20082	6549	17259	38942	23577	26880.5000	30488.5000		23995.5000	32557.5000	28324	20373	32717	22753	25555	34500	16717	34763.5000	26850	21174	20883	25695	27360.5000	21526	13834	29715.5000	48271	25353	35610.5000
Glycericacid	Glyceric acid	132834.5000	46987.5000	35221	55608	63526	50469	43671.5000	137681	89543.5000	123574	108033	174607	46414.5000	137758.5000	123933	72470	69876.5000	127619.5000	50593.5000	74298.5000	109445.5000	162074.5000	134641	80299.5000	117466.5000	126829.5000	82332	111987.5000	130177	131019	49760	39586	48145.5000	58286.5000	63496	53116	41960	53695.5000	53173	44361	123599	151284.5000	93517	126936.5000	384212
Glycine	Glycine	4112.5000	3262.5000	2897	3432	2043.5000	2586.5000	3174	4032.5000	3646	3258.5000	3729.5000	2940.5000	3269.5000	3319	2778	3426.5000	3138	3648.5000	2688	3512.5000	3192	3405.5000	3284	5905	3198	3365.5000	4000	3467	3045.5000	3443.5000	3917.5000	2886	3738	3382	4045.5000	4526	2119	4024.5000	2914	2528.5000	2871.5000	4156	3610.5000	3238.5000	4500
Glycolaldehyde	Glycolaldehyde	6569	5380.5000	5300.5000	4951.5000	7182.5000	7440.5000	5677.5000	6604	7533.5000	7223	6508.5000	6867	5146.5000	7185.5000	6058	6869.5000	5955.5000	6868	5768.5000	6135.5000	6778.5000	8155	7194	6207.5000	7508.5000	7468.5000	7612.5000	6641.5000	7128.5000	6804	6393.5000	6080.5000	6664	8127	5953.5000	6183.5000	5361	5322.5000	5867	5413.5000	6953	8818.5000	6749.5000	6243	7263
Glycolicacid	Glycolic acid	199528.5000	746887	523402.5000	894809	730793	374484.5000	428106	577453	248487.5000	402790	335228	740578	372456	600549.5000	586805	880281	492631.5000	639734	595603.5000	737565	570490	567731.5000	822174.5000	400003	562137	496857.5000	310999	498454.5000	549784	438813	540877	154688.5000	242193.5000	369152.5000	307654.5000	518224.5000	536653	589249.5000	367969.5000	317801	905881	567551.5000	1058047	530291	1043650
Glyoxylicacid	Glyoxylic acid	1880.5000	1913.5000	2092	2062	1905.5000	1773.5000	1850.5000	1703	1829.5000	1874.5000	1887	1792	1649.5000	2232.5000	2332	2217	1766.5000	1757	2053.5000	1503.5000	1986	2142	1655	1962.5000	2400	2239.5000	1896	1622	2674.5000	2285	1813.5000	2082.5000	1698.5000	2121.5000	2155.5000	1900	1735	1741	2051	2173.5000	1768	2134.5000	1976	1694.5000	2914.5000
GlyTyrAsn	Gly-Tyr-Asn	1405			1333.5000				1910.5000	3244		2175	1269	1225.5000	1301		1054		1702.5000	1475	1946.5000	1222.5000	2204.5000	1213	4604		1256	1727	1200	1502.5000		1607.5000	1274.5000		1092	1368.5000	1836		1253	1688.5000		1124	2716	1765	1302	
GPEtn(22:6(4Z_7Z_10Z_13Z_16Z_19Z)/22:6(4Z_7Z_10Z_13Z_16Z_19Z))	PE 22:6(4Z,7Z,10Z,13Z,16Z,19Z)/22:6(4Z,7Z,10Z,13Z,16Z,19Z)		3819	3755	3998.5000	8065		12147	8655	6251	12180		8280.5000	2986	3883		7937		8465		4003.5000	4010	4140	8426	3782		13964	4112	4147	7019	8677		4225	3627		4460			8558	8119	5864.5000	8285	4238	6220	6392	4201
GPSer(18:1(9Z)/18:2(9Z_12Z))[U]	PS 18:1(9Z)/18:2(9Z,12Z)		4904.5000		3177	4924.5000	3316.5000	3273				3530	4808	3500	3464.5000	5195	6372	3208	3348		4795	7402	3752			3480			7849			3663		5029	3801		6722.5000	3114	5053	3243	3153	10607	3911	3300	3544	3258
Gulonicacid	Gulonic acid	11755	14328.5000	8367.5000	11794	11653.5000	17505.5000	11795	14017.5000	14530.5000	15240.5000	12741	25860	10821.5000	12444.5000	12016	16442.5000	11544	8054.5000	8994.5000	10582.5000	12319.5000	11331	17226	11537.5000	18875	10792	11294.5000	8972.5000	13412	13063	11692.5000	10102.5000	14013.5000	14006	12386	11970.5000	11803.5000	12489	16719	18216.5000	11020	12179	12657	11809.5000	16014
Gummiferol	Gummiferol	5021	3660	2227	2699	3566	2409	2166.5000	7756		5605	4688	11188	1358	7744	2924.5000	5148		5929.5000	3281	4089	5957.5000	9378	7260		4635.5000	5115.5000		5083		10563	1809	1664.5000	4634	4803.5000	4263.5000	2890	1674	1728		2985	9270	8502.5000	5772.5000	4084.5000	8773
Histidine	Histidine	7441.5000	6127	7153	5930	6939	8768.5000	6421	7301	7546.5000	6223.5000	9153.5000	7111	8301	6007.5000	6533	6643	4689.5000	9185	8198.5000	6069	5752.5000	5261.5000	5235.5000	12845	6606	6429	8677	5545	5818	7373	8667	7511	7187	6866	5727	8735.5000	7119	6409	10066	6267	6693.5000	10080	6839	6621	5056.5000
Hydroxythiopental		42961.5000	13522.5000	3336.5000	5752	3150.5000	4099	3580.5000	11258	6046.5000	6714.5000	2954	5186	2535.5000	2679	13650.5000	3955	19450	5850.5000	11851	5647.5000	6457.5000	9599.5000	8495.5000	7970	10618	5754	5430	9342	6262	8417	5398	5144.5000	3241	14013.5000	18813	5045.5000	4322.5000	5559	6736.5000	10581.5000	6910.5000	9858	4563	11839.5000	5860.5000
Imidazolone	Imidazolone			2745.5000		3950	1673					2358		1744	2758		7588	5047.5000	7538.5000	5259	7599.5000	6792.5000			3630.5000	2701	5193	5792.5000	6121.5000	6608	7924.5000	4706.5000	5861.5000				3828.5000		1539	4930		2587				4226.5000
Iridotrialglucoside	Iridotrial glucoside	1980	3677.5000	3031	3694.5000	2994	3149	3155	1576		1781	1984	5825	6691	2528	3105.5000	3773	2510	5464	2002	3152.5000			1443	1245			2435				1719		1623	1650	1092	2738.5000	2437	4806.5000	3704.5000	3881.5000			1596		1802
Isoacitretin	Isoacitretin		38259			22528	3126	5441.5000			3762.5000	3726	36225	3968.5000			5740	14776		1124	4755	13143	20207	21736.5000	23104		5845	29586	28985	30517	23233	39973	2733	4343	1046	3528		37121	28948	4346.5000	4484	21179.5000	15858.5000	4051	21406	12815.5000
Isoacitretin-10.681391	Isoacitretin	113529	127284	142141	139363	130655.5000	127838	122399.5000	113402	106012.5000	98189.5000	99003.5000	128141	146496	139846	133964	124595.5000	110191	137852.5000	78408.5000	138985	94696	90062	86802.5000	83013.5000	97979	131280	124537.5000	103319.5000	115450.5000	109499.5000	126579	85512.5000	142374	142378	142041.5000	140073	124714.5000	130311.5000	142326.5000	139926.5000	88038.5000	93674.5000	92541	96500.5000	97034.5000
Isoacitretin-10.914413	Isoacitretin	26344	29419	32116	31282	29353.5000	18797.5000	31456.5000	25712.5000	26497	25618	26141.5000	31544.5000	29281	30063	28662.5000	29282	29898	29599	17596	29913.5000	24936	24190.5000	24111	23800	22529.5000	28139.5000	32490	16932	28769	27634.5000	29404	28343.5000	28914	29717	31560.5000	29715.5000	31046.5000	18023.5000	28213.5000	28637	24373	25537.5000	25546.5000	23024	25446.5000
isoamylnitrite		19620	13494	12542.5000	17238.5000	17516	19127	15199.5000	16972.5000	21736.5000	13467	21118.5000	18724.5000	12786.5000	17442	15134	16480	13700	21853	18156	10761	11189.5000	17170.5000	18733	33516.5000	12570	17269	21914.5000	17556	13280	12141	13746.5000	21062.5000	16435	23990.5000	14652.5000	22708	13150	14995.5000	17730	16063.5000	14576.5000	38395	16451.5000	24025.5000	16867
ISOEUGENITOL	Isoeugenitol	19709	9756	21309	16215	13203	12347	22145	18447.5000	27810	11673	9910	8558.5000	31613	8903	11285	6768.5000	25839	7548	25539.5000	7632.5000	18853.5000	6925	6346		15718.5000	8272.5000	9851	7045	6431	5809.5000	18155	31927	12414.5000	23067			21712	24099	8630	16403	3545	7294	7210	13292.5000	146613.5000
ISOLIQUIRITIGENIN	Isoliquiritigenin	7239	7482	5281.5000	5349.5000	5518	4843	6066	7549	7273	5021	7542	7033	6978	7270	6787.5000	6528.5000	6230.5000	7042	7019	7364.5000	7964.5000	7988	7741	7556	5589	6029	6515	7225.5000	7213	6800	7106	7910.5000	7183	6638.5000	6866.5000	6068.5000	5359	6619	4714	6486	7495.5000	8125.5000	7758.5000	5758	6652
ISOPIMPINELLIN	Isopimpinellin	7565	3632			6221.5000	5859	7529.5000				4374.5000		4840	4340.5000	5074	4720.5000	4653	3123	12419	7584	3285		5578	2205		2913				11552	3318	8559		8542		8324.5000	9384.5000	5583.5000	2362	10307	6564			6251	5029
KOBUSONE	Kobusone	4961.5000	4452.5000	4479.5000	3825.5000	4346	4183.5000	4284	4589.5000	4464	4591.5000	4511.5000	4502.5000	4503.5000	4629.5000	4326.5000	4522.5000	3820.5000	4069	4143	4306.5000	5010.5000	4989.5000	4533	4997	4692	4686.5000	4806.5000	4627.5000	5062	4370.5000	4229	4511.5000	4612	4187	4745.5000	3813.5000	4228.5000	3959.5000	4002	4159.5000	4661.5000	4875	4812.5000	4766.5000	5052
L-2-Aminoadipicacid	Aminoadipic acid	1872							1569	2055			1507	1330		2637.5000		2011				2106.5000	1471	2360.5000	2199.5000	2333.5000	2695	2046.5000		1426	2159.5000	1789.5000	2433		1769.5000	1594.5000	1269					2622	1665		2401	4955
Lactaldehyde	Lactaldehyde		1687		2113.5000	1922.5000	1690	1601	1722	3150.5000			1947.5000			1926	3369		2211	1977	2084.5000	1714	2058.5000	2156	2668	2483.5000	2445	2681	1422.5000	3027.5000	2031						1352		1914			2337.5000	2818.5000	1817	2139	2944.5000
Lactaldehyde-2.5392027	Lactaldehyde	12870	10177.5000	6958.5000	8243.5000	8960	10826	10057	8557.5000	8380.5000	10256	7871	5739.5000	8303	8940	10071	8302	20141.5000	8099.5000	8924.5000	8904.5000	9095	15315.5000	11474	10556.5000	10419.5000	12288	11531	11564.5000	8562.5000	13990.5000	7318	9515.5000	9425.5000	10211	10757	10717	8670.5000	9719.5000	7112.5000	9231	10337	12622	10201.5000	11679	12117
L-arabitol	L-Arabitol	7225	5929.5000	3498.5000	4070	2926.5000	4546	3537.5000	6388	3438.5000	3076.5000	4169	4401.5000	3912.5000	4443	6824.5000	4293.5000	4825	2605	3423.5000	3705.5000	5565.5000	4751	7426	3770.5000	7570.5000	4706	5766	3187	2916.5000	6936	5507.5000	4259.5000	4066.5000	5681	4519.5000	3721.5000	3930.5000	3452	3474.5000	5916	7037.5000	3786	3698	5224.5000	5729.5000
L-Asparticacidb-semialdehyde		3668.5000	1152.5000	1581	2353	2346.5000		1267.5000	3872	2914.5000	3037.5000	3590.5000	4210.5000	2127	3177.5000	6111.5000	3161.5000	3579	1303.5000	1533.5000	2707	5182.5000	4125	5654	2930	5724	3045.5000	4205.5000	2531.5000	2057.5000	4522.5000		1568	1930		3842	1561	1755.5000	2513.5000	1493	1725.5000	6019	3067	2933	3618.5000	10106.5000
L-Asparticacidb-semialdehyde-1.218115		1197				1816			1222		1852	1410	3445			1139	1130			1300	1980.5000	1484	1272	1830.5000	2496.5000	1216	1647.5000			1088									1849.5000			1420				1879
Lauricacid	Lauric acid	2551.5000	2421.5000	2403	2238	2299	2257.5000	2288.5000	2441	2407	2459	2402	2281.5000	2552.5000	2332	2166.5000	2295	2408.5000	2468	2276	2426	2183.5000	2490	2379.5000	2525	2490.5000	2389	2123	2496	2334	2214	2582.5000	2653	2433	2330.5000	2488.5000	2311	2262	2476.5000	2458.5000	2262	2359.5000	2397	2396.5000	2381	2509.5000
Leucine	Leucine	32229.5000	20063	22528.5000	33625.5000	33353	37552.5000	28884.5000	30142	33984.5000	23333	39502	34522	24465	28233.5000	29235.5000	32833	23831	32446	37147	18037.5000	21690	29167.5000	25333.5000	49635	20940.5000	28706.5000	34398.5000	30605.5000	28580.5000	22407.5000	25893	40522.5000	33238	43512.5000	30692.5000	42650	25966	27937	30179	28321.5000	23786.5000	53859	32322.5000	34967.5000	33454
L-gamma-Cyano-gamma-aminobutyricacid		6810	7677	9322.5000	8421.5000	5575.5000	5779.5000	9333	10690	8617.5000	7021.5000	10090	7999.5000	9078	5151	9623.5000	9260	2447.5000	9592.5000	8014	8484.5000	8372.5000	6342.5000	8673.5000	4736	8318.5000	8662	10732.5000	8994.5000	5727.5000	9248	6754.5000	7857	7295	9594	10527.5000	11779	6273	8082.5000	7074.5000	8195	5155.5000	8935.5000	9757.5000	8683	8341
Lipoamide	Lipoamide	8840	3949	4046		3896.5000	3016.5000	4126	3342	5730.5000	6422		2681.5000	7380.5000	2960	3453.5000	1458	4683.5000	3183.5000	4919	1479		1965	2434		8785		5248.5000	2218	1650.5000			8317.5000	5367	5126.5000	4026		1606			1789.5000	1723	8599.5000	1747	3298.5000	34017
Lipoamide-0.91015834	Lipoamide	3117.5000	3629	4010	4472.5000				3760	3488	3310	5603	1317		1906.5000	5003	3108	8065			2057	4501	3079	1602	5458	1966	6140.5000	2063	1626		1753.5000	4181.5000				3481	2936	3961.5000	3123	2681				2655	2699	
L-Serine	Serine	2323.5000	1293	1773	1153	1938	2245	2325.5000	1291	1641	1808	2110	2804	1810	1566.5000	1836	1576	1342	2098.5000	1298.5000	2488.5000	1624	1564	1323	2984		2414	1854	2374	1301	2088	2426.5000	2115.5000	2345	2415.5000	1857	3002	1601	2008	2504.5000	1385.5000		2440	1602	1682	1606.5000
LysTrpArg	Lys-Trp-Arg	1381.5000	1346	1664.5000	1566	1876	1409	1402	1514.5000	1880.5000	1255	1551	1460.5000	1388	1918.5000	1974	1950.5000	1506.5000	1417	1388	1485.5000	1841	1492	1244	1333	1303.5000	1421	1526.5000	1414.5000	1528.5000	1383.5000	1524.5000	1482	1348	1498	1747	1478	1744.5000	1478	2116.5000	1304	1590.5000	1826	1269		1452
LysTrpArg-12.785133	Lys-Trp-Arg	2421.5000	2836.5000	2185	2597.5000	1979.5000	2284.5000	2387	2442.5000	2139.5000	2298	2601	2574	2282	1882.5000	2616	2131	2472.5000	2346	2549	2608.5000	2109.5000	2274.5000	2880	2498.5000	2093	2562.5000	2704.5000	2738	2816	2611	2718.5000	2454	2686.5000	2650.5000	2585	2455	2480.5000	2409	2729	2135	2194.5000	2532	2694	2669	2567.5000
Mannitol	Mannitol	20607	17696.5000	14318	14959	31914	27976	19120.5000	17734	17814	15365.5000	14994	23358.5000	13407.5000	19820	19678	49145	17954	13392.5000	20370.5000	15444.5000	15885	16007	18158.5000	11882	33888	19222	16859.5000	15793.5000	17590.5000	19903.5000	17679	18666.5000	11644	30743.5000	16274	16676	14725	14287.5000	19497	16445	19272.5000	24447.5000	19699	16121.5000	36438
Melphalan	Melphalan	4460	3605	5656.5000	5609				5048	6853	3724.5000	8244	1751	6623	4107.5000	6613.5000		21251	2559		2210	6161		3238	7057	4715.5000	4545	5268.5000	3375		1975	5686.5000	8177	2321	1862	1906		5912			5585	1284		3250.5000	4039.5000	2116
MetGluLys	Met-Glu-Lys	11266	11006	7456.5000	8008	8756	9353	8810	10770.5000	11304	11467.5000	11291.5000	9781	10300	9608.5000	10379.5000	9580.5000	10508	10107.5000	9881	9567	12080.5000	11277	11879	12025.5000	12475	11011	11772.5000	10750	11027	11142	10927	10332.5000	9906.5000	10886.5000	10652.5000	8925.5000	9704.5000	9294.5000	9440.5000	9125	10757.5000	11477	11897.5000	11431.5000	13155.5000
MethoxsalenMetabolite		18164		13267	15607.5000	9475	6223	9209.5000	18428		13192		9324.5000		13135.5000	18486.5000	14115.5000	17390	11410	12150	10395	17626.5000	9123	16178	13412	17003	14870	11226	9346	7731	15527	11275	21116	12007.5000	11069	7153.5000	8432	17335.5000	10997.5000	5611		8300.5000	9141.5000	17222	18696.5000	168555
methyl8-[2-(2-formyl-vinyl)-3-hydroxy-5-oxo-cyclopentyl]-octanoate		1872	1943	1828.5000	1756	1871	1932	2084	1696	1661	1458.5000	1578	2007	1787.5000	2147.5000	1839.5000	1976	1848.5000	2003.5000	1961	2183	1678.5000	1694.5000	1925.5000	1412.5000	1584.5000	1594.5000	1661	1445	1517		2065.5000	1925.5000	1946	1769	1790	1964	1760.5000	2039	1837	1662	1610	1687.5000	1656	1706	1631.5000
Methylglyoxal	Pyruvaldehyde	43214	34598.5000	38470	39046.5000	51851.5000	56077	37429	37268.5000	42804.5000	23678.5000	36131	51130.5000	30769.5000	44098	41328	44483	39961	47178	41967.5000	43256	37059	46296.5000	40006	37673	49199.5000	48538.5000	44001.5000	41808	48017.5000	46098.5000	38978	20738	41573.5000	8338	22469.5000	44088	31300.5000	38449	42752	34070	43597	57397.5000	41147.5000	39349	42785.5000
Methylglyoxal-1.0395479	Pyruvaldehyde		4158.5000	2320.5000	1850	2399.5000	2329.5000	3676		2311	1765			3695			9109			3469	1805				2027			1472				5203.5000	5265.5000	2346	4019.5000	3391.5000	3937.5000	2676.5000		7308.5000	2987					2507
Methylglyoxal-1.2867774	Pyruvaldehyde	15460.5000	13826.5000	11856	13398	14911	16526	15286.5000	13086	16899.5000	15286	13265.5000	13107.5000	11559.5000	15190.5000	15506.5000	16578.5000	14778	15118	13556.5000	11688.5000	16306	17952.5000	13634.5000	15831	17573.5000	15815	13923	12712	18485.5000	16255	11497	13810.5000	12267	14154.5000	12847.5000	11759	11956	14428	13745	13757.5000	11894	14532.5000	13988.5000	14275.5000	19331.5000
MetLysSer	Met-Lys-Ser	27610	28436.5000	21144	20018.5000	21452.5000	19234.5000	24889	29710.5000	28126.5000	20947	27618.5000	23613	26829.5000	26390.5000	24867.5000	22820.5000	20386.5000	26972	26475.5000	26994	31562.5000	32011	30579.5000	27883	20394	22779.5000	24153.5000	30138	30809	24508.5000	26738	29666	29870	28488.5000	26894	22564.5000	20350.5000	24964	18548	25430	27911.5000	30593	30054.5000	23441.5000	24646
Metyrosine	Metyrosine	2386.5000	2350	2013.5000	2377	2103.5000	2550	2080	2143	2651.5000	2336	2280	2182	2314.5000	2528.5000	2387	2349	2390	2524.5000	2455.5000	2344.5000	2819.5000	2767.5000	2826.5000	2874.5000	2449.5000	2411	2064.5000	1877	2083.5000	2149	2480.5000	2613.5000	2337.5000	2206.5000	2065.5000	2392	2224	2257	2145	2417	2458	2628.5000	2830	2640.5000	2490.5000
m-Salicylicacid	3-Hydroxybenzoic acid	86002.5000	47257.5000	13730.5000		5234.5000	20867	22677		10034	5821.5000	32585	3281		124382.5000	3840			1690.5000	31152	4870	11412.5000	43110	19351.5000	159555.5000	1884.5000	6120.5000	80901.5000	2030.5000	4282	1498	73413.5000	24263	12450.5000	65366.5000	2410.5000	87567	23391	1551	10559.5000	35479	32866.5000	10448.5000	12422	3410	6669.5000
N-Acetyl-a-neuraminicacid	N-Acetylneuraminic acid	26067	30424.5000	10301.5000	21359.5000	16921.5000	22537	24348.5000	28912	22025.5000	14098.5000	20170	14716.5000	27456.5000	22474.5000	20693.5000	19670	30967.5000	14127	21023.5000	12526	29367	22008.5000	32908.5000	18904	38820.5000	21842	26523	20174	9910	29955.5000	28590.5000	24651.5000	30074	28791	12181.5000	16514.5000	21424.5000	19003	20757.5000	32846	37839.5000	10253.5000	12371.5000	16216	35308.5000
N-Acetylgalactosamine4-sulphate	N-Acetylglucosamine	2542	1945.5000		1636	1323	2182.5000	1741.5000			2238.5000	1465.5000	3143	1791.5000	1854	1808.5000	2537	1594		2022	1605	1925	1282	2790		3059		1906		1461	3124.5000	1925		2441	2235	2749	2198	1381	1677	2299	2896.5000	2293	1293		1854	2693
N-Acetyl-L-Histidine	N-Acetylhistidine	8321.5000	6295.5000	1444.5000	3240	1769.5000	3667	2771	5496.5000	1677	3096.5000	7189	2829.5000	4703	4102.5000	15038.5000	2689.5000	5239.5000	2690.5000	2841	5187	13141.5000	6530	3995	5689	11617.5000	4996	11846.5000	3204.5000	3265	9027.5000	4320	1816	5022	6297	3773	3275	6063	3845.5000		6068.5000	3776.5000	3570	5023.5000	5009.5000	12126
N-Didesethylquinagolide		7540.5000	15058			1130			2792	8261	10000.5000	15072.5000	14994.5000	12914	25476.5000	17319						8497	8427.5000	8678.5000	9925	3568.5000	6336.5000	14945	4751	4966	1441	6903	14250	13322	17423.5000	13759.5000						10740.5000	13557	13561.5000	10830	8552.5000
N-gamma-Acetyl-N-2-formyl-5-methoxykynurenamine		5022.5000	1963		2348.5000	3631	6784.5000			4958.5000	4712	2864	5154	3514	2601.5000	1420.5000	2172		1552.5000	2930		2741		2570.5000	10409.5000	1778	1728.5000	1188.5000	2725.5000	1898	1382	1477	2097.5000		2662	1509	6356	2535	1592	7534.5000	4001.5000	1201	2287.5000	2925		1153
N-Lignoceroylsphingosine	Cer 18:1;O2/24:0	19670	21471	18181	21040		8763	17278		18108	18727	12633.5000	16146	17294		18210	21573	23238	15811	8983		9534		14694.5000		16740	22773	20015	18286	18538	9501	21543	13023	17948	17837	19758			17516	18536.5000	14235.5000	17095			8777	13208
ORTHOTHYMOTINICACID		3959	3539	3439.5000	3745.5000	3825	3339	3504	4013	4228.5000	4057	4340	3916	3870	3803.5000	3813.5000	3513.5000	3242	3607.5000	3882	3614.5000	4229.5000	4271	3831.5000	4302	3978	3830.5000	3701	4126.5000	3837	3985.5000	4069.5000	3860	3856	4074	4204	3547	3396	3613.5000	3872.5000	3635	4104.5000	4092.5000	4250.5000	4135.5000	4103.5000
OSTHOL	Osthole	16469.5000	4419.5000	1701	3350	1791	1726	1982	3429	2077	2330.5000	1014	2163	1177	1458		1635.5000		2474.5000	4830	2121.5000	1697.5000	2648.5000	2430.5000	2367.5000	2899.5000	2146	1757	3071	2094	2413	1838.5000	1997.5000	1162	4797	6414	2196.5000	2021.5000	2357	2430	3960	2140.5000	3012.5000	1429	4020	1258
Oxalaceticacid	Oxaloacetic acid	4659	5032.5000	3295.5000	4990	3530.5000	3406.5000	3690	4149	3669	3512	3692.5000	3905	3952	4347.5000	3478.5000	5759.5000	2830.5000	4717	5882.5000	2885.5000	2728.5000	6076.5000	5174.5000	6310	3104	4204.5000	4388	3177	4784	3244.5000	3905	5158	3046	3586	2890	3795	5204.5000	4716	3631.5000	5184	3748.5000	5336.5000	7124	5292	5339.5000
Oxaloglutarate	2-Oxaloglutaric acid	24670.5000	21453	23934.5000	26069.5000	24409.5000	21511.5000	23720.5000	21003	22885.5000	18840	21870	22135.5000	22817.5000	21856.5000	22323	24883	18823	23577.5000	20924	24132.5000	22619	21169	24234.5000	30724	22375	22257.5000	29848	25639.5000	20814	25034.5000	27288	23930	20749	22217.5000	20851.5000	27918.5000	22418	21774	21352.5000	19404.5000	23299.5000	25200.5000	29814	22566	27095.5000
Oxipurinol	Oxypurinol	25409.5000	26525	11608.5000	18845	15118	20683.5000	23370	18372	20450	27815	19340	16388	15342	19472.5000	26426	12343	19333	12052.5000	14645	16976	40848.5000	31080	24000.5000	15096.5000	21758.5000	29177	22679	29021	19605	24849	24476.5000	28304	16781	22547.5000	15872	33988.5000	17551.5000	21314	17882	27152	33693	24526.5000	17625	33624	50542.5000
Oxipurinol-1.6297603	Oxypurinol	16630	21974	13575	17156.5000	13393	18605	11705	14727	17897.5000		18083.5000	16755		15386	22807.5000	13639	19643	13501.5000	15019			10459	22047.5000	11026	19679.5000		21948		6026	23950.5000	24756		13324	19908	9140	2514	16671	12475.5000	14443.5000	19336	17969	13815	16556.5000		
OXOLINICACID	Oxolinicacid	8740	4489.5000	4667.5000	4265.5000	11137.5000	6029	5962	4619.5000	7614.5000	8882	6099	4414	6097.5000	5244	2950.5000	5717	4493.5000	3763	9763	4282.5000	5851.5000	5115.5000	6487	5803.5000	7336.5000	5903	9143.5000	4285.5000	4284.5000	2572	6032	5119.5000	4640.5000	8713.5000	5348	7320.5000	4808	3190	5367	7923	3662	4209.5000	3608.5000	4079	3516.5000
PantothenicAcid	Pantothenic acid	1490.5000	7057.5000	1368	1207	6845	1667	6282	4173.5000	7272	2085	3178	2462.5000	3838	2123.5000	1695.5000	3037	1946.5000	3481.5000	5945.5000	1824	7063	7000.5000	2671	1758.5000	5425.5000	5778.5000	5874	1778	5071.5000	1285.5000	2645.5000	3455	6159	2599.5000	1939.5000	5013.5000	3474.5000	1631.5000	4647.5000	5544.5000	3749	3101	4434.5000	3437	19159.5000
Parahydroxyphenylaceticacid		3962	2736.5000	2786	2442	2749.5000	2629	2704	4132	4212	4779.5000	4529	2984	3133.5000	3077.5000	2830.5000	3102	2606	2496	2895	2888.5000	4766.5000	4540	4506.5000	4568	3124.5000	4495.5000	4320	4494	4188	4221.5000	3027	3188.5000	3695.5000	3030.5000	4138.5000	2748	2796	3176.5000	2732	2824	4415.5000	4472	4238	4782.5000	4883
PenicillinG	Penicillin G	11995.5000	10495.5000	4040	6654.5000	5510.5000	7642	9307.5000	13913.5000	8397	12000	13133	9186.5000	7396.5000	11326.5000	12177	9296.5000	13020.5000	6017	13243	7052.5000	12384	17209	18472.5000	17263	17211	18180.5000	8699.5000	10612.5000	16060.5000	8832.5000	10088	12820	10507	7632	6953.5000	7753	2842	10784.5000	2668	9110	10932.5000	15772.5000	16359.5000	14249	6115.5000
Phenol	Phenol	46767	27037.5000	9469		3601	12572	13588.5000		5703	3593	16919.5000	2228.5000		70085	2395.5000				18272.5000	3223.5000	5729.5000	22954.5000	10676.5000	91117	1928.5000	3720.5000	45351.5000	1377	2407		40941.5000	13811	7169	37551	1609	52779	13404		6271	19466	16550	5361.5000	7785	2200	4022
Phenol-3.8949444	Phenol			2102	2680.5000		6694.5000				3183		4351	3074	1597	3570.5000	2034	2217						1372	2272	2117				2025	2456		1589			1271	1430						1592		2565	1388
Phenylsulfate	Phenyl hydrogen sulfate	10303	9521	10555.5000	10297	9733	8746.5000	9076.5000	11191.5000	11213.5000	12373.5000	10060	9961.5000	9779.5000	10827.5000	10474	11588	9421	8978.5000	8272	11627.5000	10917.5000	13148.5000	13811	9813	9109	10500	11029	10038.5000	10164.5000	11669	9447	9464	10149	9496.5000	13409	10750	9837.5000	10603.5000	8374	7994.5000	11978.5000	10662.5000	10608.5000	10459.5000	11648
Phenylsulfate-3.894887	Phenyl hydrogen sulfate	2126.5000	1064	5245	8721	2611	26042		4208	3666	12963.5000	1341	16092	10806	4215.5000	12609	5393	7310.5000	4332.5000	4045.5000	1197	3594	1156	4733	9872	6519.5000	2347	2260.5000	1198.5000	6970.5000	9857	3003.5000	3848.5000	2764.5000	2402	3464.5000	4115.5000	1495	1612	3415	3725.5000	1173	6653	4011.5000	7546	2501
Phosphatidylglycerol	sn-Glycero-3-phosphoglycerol	7300	7613.5000	7701.5000	7779		4727		5743	4448	4287.5000		5987	6864	3320		2523	8304	6310	10567	7003		4839	9269	2266	5906.5000	6046	4658.5000	4521.5000	4056	10841	6614.5000	4982	7787	9465	6607				3646	11090	7493	3935	8485	7693	2555
p-HYDROXYCINNAMALDEHYDE	(E)-3-(4-Hydroxyphenyl)-2-propenal	2557.5000	2248	2714.5000	3615	2366	2588	2097	2990.5000	4186	2146.5000	3303.5000	2984.5000	2612.5000	2586.5000	1962	2556	1881.5000	2448	2763.5000	3072.5000	2550.5000	3273.5000	2406.5000	5221.5000	2555	2383.5000	3016	2346	2502	2086.5000	2839	2842	2067.5000	2739	2689.5000	3525	2425	2497	4037	2486.5000	2522.5000	4382.5000	3315.5000	2729.5000	2096
Procarbazine	Procarbazine	2371	2091.5000	1983.5000	1690.5000	1827	1560.5000	1675	2135.5000	2152.5000	2040.5000	2018.5000	1980.5000	1737.5000	1957.5000	1875	1725.5000	1849	1846.5000	1923.5000	1724	2097.5000	2106	2134.5000	2145.5000	2361	2050.5000	2176	2135	1973	2081	1772	1771	1940	1767.5000	1734	1639	1595	1789.5000	1633.5000	1869	2238	2145.5000	2289.5000	2074.5000	2351
ProHisTrp	Pro-His-Trp	1334	1852.5000	1600	2526	1760	1742	1626			1690		1651	1984	2114	2051	1944		1709	1947	4748		1672				1841	1755			2444	1717	1506	1617		1707	1741	1895	3590	1641.5000	2053.5000	1495	1796.5000	1660	1870	1867
ProLysPro	Pro-Lys-Pro	3700	2807	2307	2033	2214	1834	2292		3516	3414	2237	2241	2743	2891.5000		2333	2912.5000	2399	2800		3453.5000	3732	4173	3686.5000	3223	3444	3210.5000	2607	2829.5000	4360.5000	3384.5000	3584	3313	3577	3812		2324	2699	3812	2986.5000	2913	3126	3572.5000	3657	3977
Propionylglycinemethylester		3571	2910				2718		2920	1938	2368.5000	1630.5000		1765.5000	1777.5000	3732.5000		1513				3207.5000	2092.5000	3593		3344.5000	1831	2765.5000	1378.5000		3084	3338.5000	1783	1653	2331	1848	1557.5000	1714	1858.5000	1441	2702	2889	2258	1837	2377	6690
PROTOVERATRINEA	Protoveratrine A	10876	12297.5000	10770	11036.5000	11202.5000	10898	10395.5000	12154	11842.5000	12327	11383.5000	11383	12060	12148	11531	11121	11311	10997	11258.5000	11403.5000	12099	12470.5000	10900.5000	11613.5000	11553	19556	20535.5000	19015.5000	11827.5000	12055.5000	11360	11960.5000	11504	10974	13187.5000	10510	11242.5000	11919.5000	10856	10066.5000	22246	31829.5000	12205.5000	11176	11007.5000
Pseudouridine	Pseudouridine	10286	9436.5000	7715	9664.5000	7303.5000	8067.5000	7708.5000	12667.5000	11802.5000	25997.5000	13180.5000	17807	15470	11725.5000	11920.5000	14908	10401.5000	6723	13474.5000	9489.5000	11532.5000	9765	14018	13827	12236.5000	9652.5000	10604.5000	7640.5000	9810.5000	9247.5000	10457.5000	9140.5000	9244.5000	10213.5000	19783	9680	7872	10418.5000	9066	11467.5000	13931	8315.5000	11163	9897	9706.5000
PURPUROGALLIN	Purpurogallin	27738	6506	9357	12004	14546.5000		5173	41949	17906			24886.5000	9460	29943	41490.5000		19606	24400	7475.5000	11477	28546.5000	26526.5000	27497.5000	16868	22214	26415	12216	16341.5000	12097	20493.5000	7908.5000	5399	4181		5462.5000	6016	6306.5000	5509			21913	16694.5000		32877	25665.5000
Pyrocatechol	Pyrocatechol	2560	1889.5000	1436	1722.5000	4098	2066	1936	2378	2452.5000	3796	2486	2596	2001.5000	2079.5000	2688	2568	1594	1840	3360	1652	2404	2349	3131.5000	7583	2227.5000	1875	3007	1661.5000	2360	1957.5000	1800	1499	1535.5000	2472.5000	14628.5000	2416	1192	1116	1658.5000	2166	2518	2367.5000	1996.5000	2410.5000	7181.5000
Pyrocatecholsulfate	Catechol sulfate	5876			1162	2111	1817	1047	1354	5919	2205.5000	6564		1426	1443		3705.5000			2642.5000		1741	1715	5899.5000	3702.5000	2773.5000	1880	6093.5000				2842		1195	3566	1918.5000	6794	4316.5000		2262	3255	3520.5000	1646.5000	4498	3815.5000	3518.5000
PYROGALLIN	1,2,3-Trihydroxybenzene	31128	4119			5672	2841	8038.5000	33206	21014.5000	45514.5000	31241.5000	23902	12622.5000	31270.5000	46690.5000	4790.5000	34026	11585	16077.5000	6000	27230.5000	31389.5000	37640.5000	34048	17123.5000	35099	18192.5000	25438.5000	26106	25117.5000	6403	14031	3498	3753	4500	3913	5017		2566	10136	16890	22831		38374	
Pyroglutamicacid	Pyroglutamic acid	46243.5000	29923	33580	38605.5000	31652	24973.5000		47252.5000	45344.5000		52207	44712	35242.5000	38450	42222.5000	30926	32858.5000	45908	24713.5000	36123.5000	48124	49285	41468.5000	76723.5000	53557.5000		39366.5000			49598.5000	31476.5000	33691	26928	33702	35725		29328.5000	23875.5000	30737.5000	24842.5000	41833.5000	9249	38706.5000		59179
Pyroglutamicacid-1.3865262	Pyroglutamic acid	11248		1748	3917	3543	2533.5000	30710	3762	6201	47995		5117	2059	4469		3883	2066	3572				4870	3440	43943	3345.5000	49754.5000	34345	46949		2937	2105	34134	2349.5000			35924.5000	2125	1523	4856	3133.5000		43900	5443	47702	101517
Pyroglutamicacid-1.5248408	Pyroglutamic acid	28803.5000	18244	14933.5000	20417	15149	12249	20203	26297.5000	24446	30866	29025.5000	24145.5000	17827.5000	17896.5000	23561	13345	16845.5000	25599.5000	16403.5000	19876	29212	30892	23266.5000	73177.5000	27441	25416.5000	37708.5000	30849.5000	92486	22727	18864.5000	21500	14549.5000	17084	17724.5000	22029.5000	16886.5000	12303	14765	14473	26474	23222.5000	19669	28399	102460
Pyruvicacid	Pyruvic acid	17529	7816	7414.5000	10258	9711	8711.5000	4608.5000	17024.5000	74340	26748	30273.5000	20203	5989	12696.5000	9849	12493	24254	25359.5000	11293	25983.5000	29664.5000	42402.5000	24493	73963	41160	25131.5000	68633	13692.5000	67752	33191	8728	4202	8400.5000	5655.5000	4193	9458.5000	6428.5000	6200	8982.5000	6853	31939.5000	45025.5000	8991.5000	19129.5000	19439.5000
Pyruvicacid-1.0026177	Pyruvic acid	15544	51775.5000	47003	33646.5000	26899.5000	61628.5000	57119.5000	4620		8177		6896.5000	55191	19586.5000	6987	38107	13692	10732	45004.5000	17232	8064	8195	4598	14852	11233	6272.5000		5964.5000		7653	42359	47383	70210	84610	94141	53639	52587	44200.5000	73193.5000	50549.5000	4551		23273	6538.5000	4096.5000
Pyruvicacid-1.127027	Pyruvic acid		34055.5000	15652	56464.5000	19272	87244.5000	35629					5844	57541			5150			27960												28256	47331.5000	52474.5000	22747.5000	14942	36561	31832.5000	5982	73328	66188.5000			2643		
Pyruvicacid-1.2604657	Pyruvic acid	97761.5000	115428.5000	81807.5000	120671.5000	96787	88944	95394	81256.5000	81422.5000	75288	84605	94557.5000	90824	100638.5000	90306.5000	126581	66594	113074	125635.5000	71971.5000	66557	124013	106774	126339.5000	82624.5000	104797.5000	92850.5000	67670.5000	95673.5000	83173	89333.5000	114921	72132.5000	83947	80096	108368	116632	115243.5000	91092.5000	115607.5000	83352	102735.5000	134438	107640	113273.5000
Pyruvicacid-3.0151846	Pyruvic acid		3817.5000	2730	2033	1266.5000	2941	2612						4199.5000		1508				1911						4699						3348.5000	4138	4798	2884	2723	2892.5000	5305	1835.5000	3731	2421.5000			1394		1827
Quinicacid	Quinic acid	17104	13310.5000	3138	3035.5000	13174.5000	11364	10958		17473	9740.5000	38633			7788	5469	5672.5000				5786.5000	4852	4827	23752.5000	11014			23310		9514.5000	7300	9218.5000		6102	8068.5000	6517	27786	12355			15417	8453.5000	5863.5000	16078.5000	32127	
(R)-3-Methyl-2-oxobutanoate	Ketoisovaleric acid									1411		1210.5000				1868.5000			1475			1532	1196		2048		1954.5000	1167	2548.5000	1995.5000	2212															1703.5000
Ribonicacid	Ribonic acid	89980	129632	47577.5000	60861	46277	101738.5000	75666	65429	57538.5000	64480	88171	177697.5000	53080	53156.5000	82143	79418	75627.5000	57567.5000	75637.5000	68875.5000	92578	75632	137976	57950	133491.5000	87573	75552.5000	77829	53831	104335	66846.5000	60849	134848	64349	51019	77834.5000	60461	56121	73238.5000	105788.5000	165841.5000	55783.5000	48388	93978.5000	322060.5000
Ribonicacid-3.0933578	Ribonic acid	4712	7342.5000	2407.5000		2673	8386	2510		2173.5000	9888.5000	10913.5000	14483.5000	5576.5000	2057.5000	4586	2067	1312.5000	1158	10423	1263.5000	2352.5000		8849.5000	1710.5000	4758.5000	3343	4663.5000			1652	8107.5000		1524	15606	4947	3042.5000	3392	8067	5300.5000	7303.5000	2907	2731.5000	3819.5000	6291	2079
Ribulose	L-Ribulose	26537	25434	13634	19506	17105.5000	23810.5000	18170.5000	24480.5000	33515	40090.5000	25487	30444.5000	18662	23808.5000	32213	23040.5000	14618	17215.5000	34849.5000	18378	22534	25404	38115.5000	35337.5000	33396.5000	17466	31390.5000	13000	25939	26512.5000	27534.5000	15438.5000	21676.5000	29417.5000	24980	24177	17601	15245.5000	26419.5000	36763.5000	45235.5000	34396.5000	20577.5000	25334.5000	75685.5000
(S)-2-Hydroxyglutarate	2-Hydroxyglutaric acid	7039			3621.5000				7866		4661.5000	5315.5000	14769		39527	2190	13316	8467.5000			6513	7503	9451	6333	5931.5000	4722.5000	7440	2717.5000	3308	3170.5000	8788								3440			11665.5000	4994	12399.5000	10226.5000	3801.5000
Sedoheptulose	Glucoheptulose	9126	7841	5653	4996		2550	6614				7586	5814			8065	4906	5875	5606	1734	5353	7952		4654			5813		7729.5000	5500.5000	7149.5000	4927		6358		8302				5861				5260.5000	7820.5000	6901
SM(d18:0/16:0)	SM 18:0;O2/16:0	15228		3530		3896	3838	10675	4368	3667	4815	4264		4201	7676.5000	4471	4211.5000		9280	14422		3852		4347.5000	6871	4137.5000	4219	4025	4217		17334		4083.5000	3951				3767	3811	4273	4463			6756.5000	8988	4092
S-Succinyldihydrolipoamide	S(8)-Succinyldihydrolipoamide	2790.5000	2579	2537	3345.5000	2339	1328	2255.5000		2594.5000	2350	3929	2031		2322	3254	2556	2836	2540	3910.5000	2075	2982.5000	2399	2017	3157.5000	2752	2260	2946	2024	2014.5000		2067	1415.5000	1295	1800.5000	1130	1729	2313.5000	1731.5000		2148	2238	1881.5000	2283	2750	
Succinicanhydride	Succinic anhydride	6017	4064.5000	24088	9492	14846.5000	3744	2766.5000	6748	15187.5000	8560	8774.5000	7207	2825	10911.5000	6351	10194	5011	7082	10079.5000	6150	9501	11010.5000	7452.5000	15977	7593.5000	9018.5000	14467	8586.5000	14423.5000	11682.5000	3183	2509	4417	21930	19768.5000	32089.5000	3739	2202	7416	9780	11546.5000	11379.5000	5744.5000	6201.5000	9720
Succinicanhydride-1.0287684	Succinic anhydride		58560.5000	31429	17699.5000	15850.5000	35934.5000	52927.5000		6367		1071	2499	48542	2288	1706.5000	9925	2773	1378	54041	2349.5000	1740.5000	1294	1484.5000	5057.5000	6767.5000		5008.5000		1190.5000		64905.5000	61668	37343.5000	39613	34170	51917	35756	2351	31051	42569.5000	1973	1984	8400		
TacrolimusmetaboliteM-IV		12787		3936		4013			3842	9632.5000	13646	16470								15765		17705	6914	9351	14472.5000	11846	7516	13617.5000	10486.5000	18145	14133.5000	13438	10473	11875.5000	10903.5000	18765	8198					7897.5000	19597.5000	11301	18322	3900
Taurine	Taurine	2437.5000	2312					1393	1243		1130	1950	1951.5000	1226	1736.5000	1081				1067.5000		1547	1311	1370.5000	1480	1938	1266	1664	1253.5000		1070		1120	1524	1736.5000		1949.5000	1897	1743.5000	2265		1079	1602	1217	1090	2270
Tetrahydrofuran	Tetrahydrofuran	223434.5000	76854.5000	33837.5000	49692	35191	37074	36657.5000	64802.5000	45845.5000	50117	31105	44411.5000	28308.5000	31662	87618	38574	105199	49769	72550.5000	47208.5000	48427.5000	61655	30486	55555.5000	64385	48174	41083	61989	51913.5000	57977.5000	40793	40594	32943.5000	77042.5000	96491.5000	41386.5000	38707.5000	43987.5000	50499	64974.5000	49076.5000	63699	38918	69595	43296
threo-Isocitricacid		2415.5000	2988.5000	2157.5000	2649.5000	2556.5000	3641	2195	2566	2727	1683	2621	3127.5000	2967	2687.5000	2847	2645.5000	2411.5000	2519.5000	2929.5000	2653	2695.5000	2646	2875	2452	3677.5000	3234.5000	3012.5000	2908	2147	2537	2467	2839	2756.5000	3299.5000	2741	3212.5000	2876.5000	2327	2045	2653.5000	2836	2723.5000	2761	2735	2858
threo-Isocitricacid-1.0347548		2033.5000	24312.5000	11139.5000	8258	7962	12570.5000	18137	2272.5000	4425.5000	3135		3188	19788	2934	2513.5000	6068.5000	2444.5000	1280	22852.5000	2515	2332	3348.5000	3562.5000	7100	2799	2311.5000	4244.5000	1900	2142.5000	2971.5000	25452	27436.5000	14436.5000	17234	14166	20006.5000	13595	2037.5000	11864.5000	17017.5000	4502.5000	2113.5000	6502.5000		4590
Threonate	Threonic acid	9022.5000	11109	4406.5000	4507.5000	4613.5000	4613.5000	6245.5000	5143	5470.5000	8542	3372	6232	2059.5000	4658.5000	8607	5838.5000	8556	6758	1858.5000	7033.5000	7192	7237.5000	9528.5000	4131.5000	5679	4171.5000	8494.5000	10549	10543.5000	8291	6604.5000	3794	6443	5116	8030.5000	7220	4993	8066	2937.5000	3023	8633.5000	7760	3823	6823.5000	11071.5000
TrpProHis	Trp-Pro-His		8514.5000	4792	4316.5000	5292.5000	5592	6581	4260.5000	1154	1564	2823.5000	6057	6261.5000	5307	8113	5990	7546	6898	8204.5000	6224	4249.5000	4386.5000	4073	4245.5000	4633.5000	5425	6815	3917		5517	7392.5000	7707	5451.5000	6024	5740.5000	6562	7316.5000	5665.5000	6769.5000	6196.5000	4955.5000	4958	3700.5000	5478	4379
TrpProHis-10.745563	Trp-Pro-His	6969.5000				3182			1829.5000	5016	2939	2473.5000			3265		2500		1962		1495		1862	2678	1816.5000	1638	1956	4698	5206	7320.5000	1746			2924	4511	2214				1785		1210	2590	2270	3825.5000	3136
Tryptophan	Tryptophan	11136	14172.5000	9255	14455	9759.5000	11487	8230	14301.5000	17957	10218	12320.5000	14816.5000	11547.5000	8708.5000	6268	11411.5000	8717.5000	10011.5000	8592	8701	10132.5000	10984.5000	9344	19929.5000	10309.5000	11692	14526	9974.5000	12699.5000	9412	14988	12283	10012.5000	11991	10976.5000	16388.5000	13063.5000	12787.5000	14714.5000	11283	10865.5000	18722	12894	11842.5000	9844.5000
Uricacid	Uric acid	114613.5000	71989	48833	94310	66142	98705.5000	92327.5000	91187	118003	119814.5000	95370	75996	105918	83728	92113	95121	57132	60527	108581.5000	67770.5000	85430	94841.5000	126219.5000	111584.5000	57724.5000	90714	92092.5000	86301.5000	58222.5000	58637	67467.5000	95299.5000	43447	87209.5000	130490	139344	73173.5000	71636.5000	65530.5000	97888	82691.5000	106877.5000	84127	93678.5000	39166.5000
Zalcitabine	Zalcitabine	2854	1049						3794.5000		2559.5000	3281.5000			1644.5000	2144.5000	1433			2232		4788.5000		1340	1215	1338		3007	1274			1084.5000		1464	1421		3061.5000				2324				2719	6711
																																														

</pre></body></html>